result of br17.atsp
10 16 8 3 4 14 15 6 5 9 12 7 11 0 13 2 1 10 

result from 2 opt algo 49
result of arr48.tsp
30 17 16 42 26 18 36 5 29 27 35 6 43 45 32 19 46 20 12 24 13 22 10 11 14 37 7 0 8 39 33 2 21 15 40 1 41 25 3 34 44 9 23 31 38 47 4 28 30 

result from 2 opt algo 37731
result of ftv323.atsp
0 61 224 101 131 18 107 53 105 251 51 185 128 15 22 24 67 202 172 14 142 32 45 17 151 56 274 256 302 52 9 21 75 28 103 132 143 146 150 229 63 157 245 234 109 12 133 3 102 210 173 201 218 265 280 144 5 48 297 314 181 180 236 1 54 211 19 319 318 57 20 43 62 92 147 281 26 194 55 161 195 209 270 13 219 273 261 27 178 289 121 79 275 23 29 237 247 126 152 90 118 258 286 269 127 223 225 104 64 312 309 283 242 33 6 98 282 227 148 11 145 34 135 50 266 232 252 241 31 138 188 35 170 246 81 171 162 4 134 271 37 30 10 295 313 38 154 153 263 267 285 262 300 129 140 158 276 40 25 71 93 311 299 58 183 287 41 192 296 254 212 298 42 2 197 100 205 308 16 46 278 260 259 316 305 174 182 159 233 44 36 206 77 320 189 214 230 70 168 238 47 203 293 264 248 277 59 307 220 60 160 137 317 108 193 156 186 66 68 165 196 69 284 72 250 73 76 164 166 8 7 294 97 74 249 49 221 39 213 78 176 216 239 80 106 179 82 187 199 149 215 155 139 272 204 167 190 257 83 222 240 65 290 322 253 84 301 279 243 288 85 291 198 231 303 244 141 163 136 169 304 226 86 175 130 177 184 191 87 235 217 315 88 268 89 292 91 228 96 321 255 310 94 200 95 207 208 306 0 

result from 2 opt algo 3105
result of rbg403.atsp
0 267 61 2 386 322 46 6 29 52 39 73 115 14 225 168 214 40 18 119 216 22 28 11 101 10 55 59 76 310 23 62 247 13 288 36 305 60 227 243 256 249 54 309 319 344 354 346 48 47 274 328 358 270 19 57 400 263 71 122 341 198 224 266 297 337 377 398 53 24 120 15 287 44 66 37 144 401 393 189 338 352 114 94 32 112 83 17 5 56 394 69 1 30 96 353 33 165 187 8 38 391 31 68 42 148 156 98 192 277 245 43 197 34 9 84 100 138 50 260 35 12 396 147 58 399 191 376 269 355 64 116 284 348 204 339 359 369 4 21 334 340 45 75 27 3 107 154 271 257 223 65 67 282 210 77 258 321 279 292 290 371 325 41 25 365 278 78 275 205 291 329 26 145 143 392 228 79 72 81 200 82 351 272 356 390 363 343 85 303 70 349 86 7 89 20 118 261 87 80 49 74 88 90 323 91 383 389 342 92 229 93 199 203 384 215 95 173 97 117 295 99 259 368 16 281 102 378 294 121 293 51 146 306 273 212 103 300 296 347 104 298 63 105 330 289 185 255 315 250 362 276 379 299 380 226 280 382 327 324 381 326 320 317 219 350 113 357 370 395 0 

result from 2 opt algo 2682
result of pbm436.tsp
0 19 15 18 46 55 82 93 94 106 158 188 197 187 190 172 173 163 166 152 153 154 273 271 283 281 249 237 238 268 269 246 248 236 235 234 233 210 196 208 209 211 198 184 171 185 186 162 161 160 122 105 104 88 58 57 87 112 111 110 86 67 85 92 102 103 142 141 140 139 138 137 136 135 134 164 167 174 168 175 191 199 221 222 220 219 218 217 215 213 214 216 240 241 253 261 257 252 251 250 256 260 275 274 288 287 286 285 292 296 312 342 341 340 284 280 278 212 247 244 262 270 272 282 311 319 345 356 362 378 379 394 407 414 419 420 406 363 380 416 421 422 417 434 435 427 428 413 430 429 431 432 433 415 396 395 393 392 377 376 358 353 350 339 333 328 325 324 327 332 338 349 323 326 331 337 348 352 322 330 336 347 351 357 368 371 372 373 374 375 410 412 426 425 424 411 409 405 403 400 401 370 369 367 366 365 364 389 390 391 399 398 397 402 408 418 423 404 386 387 388 385 384 383 382 381 361 359 360 343 334 344 355 354 346 335 329 315 316 317 318 320 321 310 309 308 307 306 305 304 303 302 301 300 299 298 313 314 297 293 294 276 277 289 290 291 295 279 266 259 267 255 232 231 230 229 245 254 265 264 263 258 225 226 228 227 243 242 239 224 223 193 192 155 156 143 144 145 146 147 148 149 157 150 159 165 170 183 189 182 195 194 181 180 179 169 178 177 206 205 204 203 202 207 201 200 176 133 132 131 130 129 128 127 126 125 151 123 124 113 108 107 76 95 77 68 78 69 61 80 71 96 115 114 116 117 98 97 89 79 70 62 49 50 51 63 90 99 91 83 73 53 9 32 10 33 34 35 11 36 37 38 12 13 41 42 44 17 45 43 16 14 40 39 56 60 75 66 54 74 84 101 109 121 120 119 118 100 65 81 72 64 59 52 31 30 8 7 6 5 29 28 27 4 26 25 3 2 24 1 22 47 48 23 21 20 0 

result from 2 opt algo 1760
result of xql662.tsp
0 18 19 20 21 3 22 23 34 24 45 40 37 35 38 46 52 54 82 88 90 104 99 100 124 123 122 121 120 119 129 117 115 114 113 112 142 141 147 155 160 148 143 149 144 262 261 296 271 272 273 274 275 297 298 299 276 277 278 280 279 300 309 319 328 318 317 327 308 316 315 325 326 338 339 340 329 347 348 349 354 350 351 352 331 306 302 303 304 305 290 265 251 250 249 248 247 263 289 288 287 286 285 284 291 283 282 281 255 256 257 239 229 217 211 212 222 230 253 241 224 231 223 214 215 182 183 159 166 158 165 164 154 153 151 163 156 150 176 175 174 173 201 210 209 200 199 198 197 196 195 194 193 192 207 206 191 190 189 205 220 227 235 221 228 236 243 237 245 260 259 334 345 330 404 403 428 414 415 416 417 429 448 447 446 445 462 463 469 470 475 523 537 554 553 562 573 574 575 584 576 577 585 610 611 617 643 642 641 635 640 634 609 608 607 623 630 631 632 649 639 648 638 637 636 629 628 520 521 522 493 494 495 504 496 497 505 498 499 480 476 477 483 484 486 487 500 478 458 468 467 465 464 457 456 455 454 453 452 451 459 450 449 433 400 383 368 369 370 371 372 373 384 385 391 386 388 389 390 374 356 332 312 321 311 310 320 344 343 342 341 355 367 366 382 381 380 364 365 363 362 361 360 378 379 392 397 396 405 406 398 407 399 408 409 410 418 430 431 432 413 419 420 421 423 393 401 394 402 395 411 425 424 434 501 507 506 543 542 541 540 539 535 534 533 532 531 530 529 536 528 526 524 525 527 578 579 556 544 545 548 546 549 547 557 566 565 564 563 589 588 616 615 625 621 633 646 645 644 624 620 619 614 613 612 661 660 659 658 657 656 655 647 622 627 618 602 593 594 603 604 605 595 596 597 606 598 583 572 561 582 571 560 552 551 512 511 513 514 515 516 517 518 519 503 490 482 472 491 492 473 474 461 460 444 443 442 441 440 439 438 437 436 435 466 471 485 488 481 489 502 510 509 508 538 555 600 587 586 601 599 626 650 653 652 654 651 592 591 590 559 569 570 581 580 568 558 567 550 479 427 426 422 412 387 357 358 375 376 377 359 353 346 337 324 307 314 313 322 323 336 335 333 264 301 292 266 293 267 268 294 295 269 270 258 232 254 244 252 246 240 238 202 157 152 92 86 97 94 95 96 89 85 84 87 83 50 32 6 7 41 47 55 48 42 4 25 26 27 28 29 5 30 31 44 51 67 66 65 64 70 63 62 61 72 73 101 98 102 103 118 116 136 135 134 111 110 109 108 107 133 132 131 106 146 145 177 184 208 213 203 225 218 233 242 234 226 219 216 204 188 187 186 185 167 168 178 179 161 162 169 170 180 171 172 181 125 126 137 138 127 128 139 140 130 105 93 91 80 79 78 77 71 81 76 75 74 69 60 59 68 58 53 57 56 49 43 36 13 14 33 15 2 17 16 1 12 11 10 9 8 0 

result from 2 opt algo 3060
result of rbg403.atsp
0 267 61 2 386 322 46 6 29 52 39 73 115 14 225 168 214 40 18 119 216 22 28 11 101 10 55 59 76 310 23 62 247 13 288 36 305 60 227 243 256 249 54 309 319 344 354 346 48 47 274 328 358 270 19 57 400 263 71 122 341 198 224 266 297 337 377 398 53 24 120 15 287 44 66 37 144 401 393 189 338 352 114 94 32 112 83 17 5 56 394 69 1 30 96 353 33 165 187 8 38 391 31 68 42 148 156 98 192 277 245 43 197 34 9 84 100 138 50 260 35 12 396 147 58 399 191 376 269 355 64 116 284 348 204 339 359 369 4 21 334 340 45 75 27 3 107 154 271 257 223 65 67 282 210 77 258 321 279 292 290 371 325 41 25 365 278 78 275 205 291 329 26 145 143 392 228 79 72 81 200 82 351 272 356 390 363 343 85 303 70 349 86 7 89 20 118 261 87 80 49 74 88 90 323 91 383 389 342 92 229 93 199 203 384 215 95 173 97 117 295 99 259 368 16 281 102 378 294 121 293 51 146 306 273 212 103 300 296 347 104 298 63 105 330 289 185 255 315 250 362 276 379 299 380 226 280 382 327 324 381 326 320 317 219 350 113 357 370 395 0 

result from 2 opt algo 2682
result of br17.atsp
0 11 13 2 1 9 10 12 15 14 6 5 3 4 7 8 16 0 

result from 2 opt algo 39
result of br17.atsp
0 11 13 2 1 9 10 12 15 14 6 5 3 4 7 8 16 0 

result from 2 opt algo 39
result of ftv170.atsp
0 1 3 7 15 31 64 120 69 136 103 35 20 41 26 49 99 23 45 89 71 131 91 9 19 39 77 78 160 5 138 105 48 97 25 13 30 58 117 63 127 81 161 140 109 104 50 101 32 53 96 21 43 98 92 75 86 169 70 157 141 147 121 72 150 129 88 2 79 159 24 40 85 168 67 133 95 16 4 11 29 51 110 46 93 76 151 158 18 37 112 73 122 74 149 125 83 167 87 82 162 143 124 115 57 119 68 135 128 59 108 42 27 55 111 114 107 33 65 153 123 54 113 106 34 80 152 166 94 14 165 118 66 130 90 10 84 155 137 100 52 102 28 44 116 61 126 56 144 134 132 139 145 154 148 156 142 163 146 164 62 47 60 22 38 17 36 6 8 12 0 

result from 2 opt algo 5372
result of ftv323.atsp
0 61 224 101 131 18 107 53 105 251 51 185 128 15 22 24 67 202 172 14 142 32 45 17 151 56 274 256 302 52 9 21 75 28 103 132 143 146 150 229 63 157 245 234 109 12 133 3 102 210 173 201 218 265 280 144 5 48 297 314 181 180 236 1 54 211 19 319 318 57 20 43 62 92 147 281 26 194 55 161 195 209 270 13 219 273 261 27 178 289 121 79 275 23 29 237 247 126 152 90 118 258 286 269 127 223 225 104 64 312 309 283 242 33 6 98 282 227 148 11 145 34 135 50 266 232 252 241 31 138 188 35 170 246 81 171 162 4 134 271 37 30 10 295 313 38 154 153 263 267 285 262 300 129 140 158 276 40 25 71 93 311 299 58 183 287 41 192 296 254 212 298 42 2 197 100 205 308 16 46 278 260 259 316 305 174 182 159 233 44 36 206 77 320 189 214 230 70 168 238 47 203 293 264 248 277 59 307 220 60 160 137 317 108 193 156 186 66 68 165 196 69 284 72 250 73 76 164 166 8 7 294 97 74 249 49 221 39 213 78 176 216 239 80 106 179 82 187 199 149 215 155 139 272 204 167 190 257 83 222 240 65 290 322 253 84 301 279 243 288 85 291 198 231 303 244 141 163 136 169 304 226 86 175 130 177 184 191 87 235 217 315 88 268 89 292 91 228 96 321 255 310 94 200 95 207 208 306 0 

result from 2 opt algo 3105
result of rbg403.atsp
0 267 61 2 386 322 46 6 29 52 39 73 115 14 225 168 214 40 18 119 216 22 28 11 101 10 55 59 76 310 23 62 247 13 288 36 305 60 227 243 256 249 54 309 319 344 354 346 48 47 274 328 358 270 19 57 400 263 71 122 341 198 224 266 297 337 377 398 53 24 120 15 287 44 66 37 144 401 393 189 338 352 114 94 32 112 83 17 5 56 394 69 1 30 96 353 33 165 187 8 38 391 31 68 42 148 156 98 192 277 245 43 197 34 9 84 100 138 50 260 35 12 396 147 58 399 191 376 269 355 64 116 284 348 204 339 359 369 4 21 334 340 45 75 27 3 107 154 271 257 223 65 67 282 210 77 258 321 279 292 290 371 325 41 25 365 278 78 275 205 291 329 26 145 143 392 228 79 72 81 200 82 351 272 356 390 363 343 85 303 70 349 86 7 89 20 118 261 87 80 49 74 88 90 323 91 383 389 342 92 229 93 199 203 384 215 95 173 97 117 295 99 259 368 16 281 102 378 294 121 293 51 146 306 273 212 103 300 296 347 104 298 63 105 330 289 185 255 315 250 362 276 379 299 380 226 280 382 327 324 381 326 320 317 219 350 113 357 370 395 0 

result from 2 opt algo 2682
result of xql662.tsp
0 18 19 20 21 3 22 23 34 24 45 40 37 35 38 46 52 54 82 88 90 104 99 100 124 123 122 121 120 119 129 117 115 114 113 112 142 141 147 155 160 148 143 149 144 262 261 296 271 272 273 274 275 297 298 299 276 277 278 280 279 300 309 319 328 318 317 327 308 316 315 325 326 338 339 340 329 347 348 349 354 350 351 352 331 306 302 303 304 305 290 265 251 250 249 248 247 263 289 288 287 286 285 284 291 283 282 281 255 256 257 239 229 217 211 212 222 230 253 241 224 231 223 214 215 182 183 159 166 158 165 164 154 153 151 163 156 150 176 175 174 173 201 210 209 200 199 198 197 196 195 194 193 192 207 206 191 190 189 205 220 227 235 221 228 236 243 237 245 260 259 334 345 330 404 403 428 414 415 416 417 429 448 447 446 445 462 463 469 470 475 523 537 554 553 562 573 574 575 584 576 577 585 610 611 617 643 642 641 635 640 634 609 608 607 623 630 631 632 649 639 648 638 637 636 629 628 520 521 522 493 494 495 504 496 497 505 498 499 480 476 477 483 484 486 487 500 478 458 468 467 465 464 457 456 455 454 453 452 451 459 450 449 433 400 383 368 369 370 371 372 373 384 385 391 386 388 389 390 374 356 332 312 321 311 310 320 344 343 342 341 355 367 366 382 381 380 364 365 363 362 361 360 378 379 392 397 396 405 406 398 407 399 408 409 410 418 430 431 432 413 419 420 421 423 393 401 394 402 395 411 425 424 434 501 507 506 543 542 541 540 539 535 534 533 532 531 530 529 536 528 526 524 525 527 578 579 556 544 545 548 546 549 547 557 566 565 564 563 589 588 616 615 625 621 633 646 645 644 624 620 619 614 613 612 661 660 659 658 657 656 655 647 622 627 618 602 593 594 603 604 605 595 596 597 606 598 583 572 561 582 571 560 552 551 512 511 513 514 515 516 517 518 519 503 490 482 472 491 492 473 474 461 460 444 443 442 441 440 439 438 437 436 435 466 471 485 488 481 489 502 510 509 508 538 555 600 587 586 601 599 626 650 653 652 654 651 592 591 590 559 569 570 581 580 568 558 567 550 479 427 426 422 412 387 357 358 375 376 377 359 353 346 337 324 307 314 313 322 323 336 335 333 264 301 292 266 293 267 268 294 295 269 270 258 232 254 244 252 246 240 238 202 157 152 92 86 97 94 95 96 89 85 84 87 83 50 32 6 7 41 47 55 48 42 4 25 26 27 28 29 5 30 31 44 51 67 66 65 64 70 63 62 61 72 73 101 98 102 103 118 116 136 135 134 111 110 109 108 107 133 132 131 106 146 145 177 184 208 213 203 225 218 233 242 234 226 219 216 204 188 187 186 185 167 168 178 179 161 162 169 170 180 171 172 181 125 126 137 138 127 128 139 140 130 105 93 91 80 79 78 77 71 81 76 75 74 69 60 59 68 58 53 57 56 49 43 36 13 14 33 15 2 17 16 1 12 11 10 9 8 0 

result from 2 opt algo 3060
result of ftv323.atsp
0 61 224 101 131 18 107 53 105 251 51 185 128 15 22 24 67 202 172 14 142 32 45 17 151 56 274 256 302 52 9 21 75 28 103 132 143 146 150 229 63 157 245 234 109 12 133 3 102 210 173 201 218 265 280 144 5 48 297 314 181 180 236 1 54 211 19 319 318 57 20 43 62 92 147 281 26 194 55 161 195 209 270 13 219 273 261 27 178 289 121 79 275 23 29 237 247 126 152 90 118 258 286 269 127 223 225 104 64 312 309 283 242 33 6 98 282 227 148 11 145 34 135 50 266 232 252 241 31 138 188 35 170 246 81 171 162 4 134 271 37 30 10 295 313 38 154 153 263 267 285 262 300 129 140 158 276 40 25 71 93 311 299 58 183 287 41 192 296 254 212 298 42 2 197 100 205 308 16 46 278 260 259 316 305 174 182 159 233 44 36 206 77 320 189 214 230 70 168 238 47 203 293 264 248 277 59 307 220 60 160 137 317 108 193 156 186 66 68 165 196 69 284 72 250 73 76 164 166 8 7 294 97 74 249 49 221 39 213 78 176 216 239 80 106 179 82 187 199 149 215 155 139 272 204 167 190 257 83 222 240 65 290 322 253 84 301 279 243 288 85 291 198 231 303 244 141 163 136 169 304 226 86 175 130 177 184 191 87 235 217 315 88 268 89 292 91 228 96 321 255 310 94 200 95 207 208 306 0 

result from 2 opt algo 3105
result of rbg403.atsp
0 267 61 2 386 322 46 6 29 52 39 73 115 14 225 168 214 40 18 119 216 22 28 11 101 10 55 59 76 310 23 62 247 13 288 36 305 60 227 243 256 249 54 309 319 344 354 346 48 47 274 328 358 270 19 57 400 263 71 122 341 198 224 266 297 337 377 398 53 24 120 15 287 44 66 37 144 401 393 189 338 352 114 94 32 112 83 17 5 56 394 69 1 30 96 353 33 165 187 8 38 391 31 68 42 148 156 98 192 277 245 43 197 34 9 84 100 138 50 260 35 12 396 147 58 399 191 376 269 355 64 116 284 348 204 339 359 369 4 21 334 340 45 75 27 3 107 154 271 257 223 65 67 282 210 77 258 321 279 292 290 371 325 41 25 365 278 78 275 205 291 329 26 145 143 392 228 79 72 81 200 82 351 272 356 390 363 343 85 303 70 349 86 7 89 20 118 261 87 80 49 74 88 90 323 91 383 389 342 92 229 93 199 203 384 215 95 173 97 117 295 99 259 368 16 281 102 378 294 121 293 51 146 306 273 212 103 300 296 347 104 298 63 105 330 289 185 255 315 250 362 276 379 299 380 226 280 382 327 324 381 326 320 317 219 350 113 357 370 395 0 

result from 2 opt algo 2682
result of ftv170.atsp
0 1 3 7 15 31 64 120 69 136 103 35 20 41 26 49 99 23 45 89 71 131 91 9 19 39 77 78 160 5 138 105 48 97 25 13 30 58 117 63 127 81 161 140 109 104 50 101 32 53 96 21 43 98 92 75 86 169 70 157 141 147 121 72 150 129 88 2 79 159 24 40 85 168 67 133 95 16 4 11 29 51 110 46 93 76 151 158 18 37 112 73 122 74 149 125 83 167 87 82 162 143 124 115 57 119 68 135 128 59 108 42 27 55 111 114 107 33 65 153 123 54 113 106 34 80 152 166 94 14 165 118 66 130 90 10 84 155 137 100 52 102 28 44 116 61 126 56 144 134 132 139 145 154 148 156 142 163 146 164 62 47 60 22 38 17 36 6 8 12 0 

result from 2 opt algo 5372
result of xql662.tsp
0 18 19 20 21 3 22 23 34 24 45 40 37 35 38 46 52 54 82 88 90 104 99 100 124 123 122 121 120 119 129 117 115 114 113 112 142 141 147 155 160 148 143 149 144 262 261 296 271 272 273 274 275 297 298 299 276 277 278 280 279 300 309 319 328 318 317 327 308 316 315 325 326 338 339 340 329 347 348 349 354 350 351 352 331 306 302 303 304 305 290 265 251 250 249 248 247 263 289 288 287 286 285 284 291 283 282 281 255 256 257 239 229 217 211 212 222 230 253 241 224 231 223 214 215 182 183 159 166 158 165 164 154 153 151 163 156 150 176 175 174 173 201 210 209 200 199 198 197 196 195 194 193 192 207 206 191 190 189 205 220 227 235 221 228 236 243 237 245 260 259 334 345 330 404 403 428 414 415 416 417 429 448 447 446 445 462 463 469 470 475 523 537 554 553 562 573 574 575 584 576 577 585 610 611 617 643 642 641 635 640 634 609 608 607 623 630 631 632 649 639 648 638 637 636 629 628 520 521 522 493 494 495 504 496 497 505 498 499 480 476 477 483 484 486 487 500 478 458 468 467 465 464 457 456 455 454 453 452 451 459 450 449 433 400 383 368 369 370 371 372 373 384 385 391 386 388 389 390 374 356 332 312 321 311 310 320 344 343 342 341 355 367 366 382 381 380 364 365 363 362 361 360 378 379 392 397 396 405 406 398 407 399 408 409 410 418 430 431 432 413 419 420 421 423 393 401 394 402 395 411 425 424 434 501 507 506 543 542 541 540 539 535 534 533 532 531 530 529 536 528 526 524 525 527 578 579 556 544 545 548 546 549 547 557 566 565 564 563 589 588 616 615 625 621 633 646 645 644 624 620 619 614 613 612 661 660 659 658 657 656 655 647 622 627 618 602 593 594 603 604 605 595 596 597 606 598 583 572 561 582 571 560 552 551 512 511 513 514 515 516 517 518 519 503 490 482 472 491 492 473 474 461 460 444 443 442 441 440 439 438 437 436 435 466 471 485 488 481 489 502 510 509 508 538 555 600 587 586 601 599 626 650 653 652 654 651 592 591 590 559 569 570 581 580 568 558 567 550 479 427 426 422 412 387 357 358 375 376 377 359 353 346 337 324 307 314 313 322 323 336 335 333 264 301 292 266 293 267 268 294 295 269 270 258 232 254 244 252 246 240 238 202 157 152 92 86 97 94 95 96 89 85 84 87 83 50 32 6 7 41 47 55 48 42 4 25 26 27 28 29 5 30 31 44 51 67 66 65 64 70 63 62 61 72 73 101 98 102 103 118 116 136 135 134 111 110 109 108 107 133 132 131 106 146 145 177 184 208 213 203 225 218 233 242 234 226 219 216 204 188 187 186 185 167 168 178 179 161 162 169 170 180 171 172 181 125 126 137 138 127 128 139 140 130 105 93 91 80 79 78 77 71 81 76 75 74 69 60 59 68 58 53 57 56 49 43 36 13 14 33 15 2 17 16 1 12 11 10 9 8 0 

result from 2 opt algo 3060
result of xql662.tsp
0 18 19 20 21 3 22 23 34 24 45 40 37 35 38 46 52 54 82 88 90 104 99 100 124 123 122 121 120 119 129 117 115 114 113 112 142 141 147 155 160 148 143 149 144 262 261 296 271 272 273 274 275 297 298 299 276 277 278 280 279 300 309 319 328 318 317 327 308 316 315 325 326 338 339 340 329 347 348 349 354 350 351 352 331 306 302 303 304 305 290 265 251 250 249 248 247 263 289 288 287 286 285 284 291 283 282 281 255 256 257 239 229 217 211 212 222 230 253 241 224 231 223 214 215 182 183 159 166 158 165 164 154 153 151 163 156 150 176 175 174 173 201 210 209 200 199 198 197 196 195 194 193 192 207 206 191 190 189 205 220 227 235 221 228 236 243 237 245 260 259 334 345 330 404 403 428 414 415 416 417 429 448 447 446 445 462 463 469 470 475 523 537 554 553 562 573 574 575 584 576 577 585 610 611 617 643 642 641 635 640 634 609 608 607 623 630 631 632 649 639 648 638 637 636 629 628 520 521 522 493 494 495 504 496 497 505 498 499 480 476 477 483 484 486 487 500 478 458 468 467 465 464 457 456 455 454 453 452 451 459 450 449 433 400 383 368 369 370 371 372 373 384 385 391 386 388 389 390 374 356 332 312 321 311 310 320 344 343 342 341 355 367 366 382 381 380 364 365 363 362 361 360 378 379 392 397 396 405 406 398 407 399 408 409 410 418 430 431 432 413 419 420 421 423 393 401 394 402 395 411 425 424 434 501 507 506 543 542 541 540 539 535 534 533 532 531 530 529 536 528 526 524 525 527 578 579 556 544 545 548 546 549 547 557 566 565 564 563 589 588 616 615 625 621 633 646 645 644 624 620 619 614 613 612 661 660 659 658 657 656 655 647 622 627 618 602 593 594 603 604 605 595 596 597 606 598 583 572 561 582 571 560 552 551 512 511 513 514 515 516 517 518 519 503 490 482 472 491 492 473 474 461 460 444 443 442 441 440 439 438 437 436 435 466 471 485 488 481 489 502 510 509 508 538 555 600 587 586 601 599 626 650 653 652 654 651 592 591 590 559 569 570 581 580 568 558 567 550 479 427 426 422 412 387 357 358 375 376 377 359 353 346 337 324 307 314 313 322 323 336 335 333 264 301 292 266 293 267 268 294 295 269 270 258 232 254 244 252 246 240 238 202 157 152 92 86 97 94 95 96 89 85 84 87 83 50 32 6 7 41 47 55 48 42 4 25 26 27 28 29 5 30 31 44 51 67 66 65 64 70 63 62 61 72 73 101 98 102 103 118 116 136 135 134 111 110 109 108 107 133 132 131 106 146 145 177 184 208 213 203 225 218 233 242 234 226 219 216 204 188 187 186 185 167 168 178 179 161 162 169 170 180 171 172 181 125 126 137 138 127 128 139 140 130 105 93 91 80 79 78 77 71 81 76 75 74 69 60 59 68 58 53 57 56 49 43 36 13 14 33 15 2 17 16 1 12 11 10 9 8 0 

result from 2 opt algo 3060
result of br17.atsp
0 11 13 2 1 9 10 12 15 14 6 5 3 4 7 8 16 0 

result from 2 opt algo 39
result of ftv170.atsp
0 1 3 7 15 31 64 120 69 136 103 35 20 41 26 49 99 23 45 89 71 131 91 9 19 39 77 78 160 5 138 105 48 97 25 13 30 58 117 63 127 81 161 140 109 104 50 101 32 53 96 21 43 98 92 75 86 169 70 157 141 147 121 72 150 129 88 2 79 159 24 40 85 168 67 133 95 16 4 11 29 51 110 46 93 76 151 158 18 37 112 73 122 74 149 125 83 167 87 82 162 143 124 115 57 119 68 135 128 59 108 42 27 55 111 114 107 33 65 153 123 54 113 106 34 80 152 166 94 14 165 118 66 130 90 10 84 155 137 100 52 102 28 44 116 61 126 56 144 134 132 139 145 154 148 156 142 163 146 164 62 47 60 22 38 17 36 6 8 12 0 

result from 2 opt algo 5372
result of ftv323.atsp
0 61 224 101 131 18 107 53 105 251 51 185 128 15 22 24 67 202 172 14 142 32 45 17 151 56 274 256 302 52 9 21 75 28 103 132 143 146 150 229 63 157 245 234 109 12 133 3 102 210 173 201 218 265 280 144 5 48 297 314 181 180 236 1 54 211 19 319 318 57 20 43 62 92 147 281 26 194 55 161 195 209 270 13 219 273 261 27 178 289 121 79 275 23 29 237 247 126 152 90 118 258 286 269 127 223 225 104 64 312 309 283 242 33 6 98 282 227 148 11 145 34 135 50 266 232 252 241 31 138 188 35 170 246 81 171 162 4 134 271 37 30 10 295 313 38 154 153 263 267 285 262 300 129 140 158 276 40 25 71 93 311 299 58 183 287 41 192 296 254 212 298 42 2 197 100 205 308 16 46 278 260 259 316 305 174 182 159 233 44 36 206 77 320 189 214 230 70 168 238 47 203 293 264 248 277 59 307 220 60 160 137 317 108 193 156 186 66 68 165 196 69 284 72 250 73 76 164 166 8 7 294 97 74 249 49 221 39 213 78 176 216 239 80 106 179 82 187 199 149 215 155 139 272 204 167 190 257 83 222 240 65 290 322 253 84 301 279 243 288 85 291 198 231 303 244 141 163 136 169 304 226 86 175 130 177 184 191 87 235 217 315 88 268 89 292 91 228 96 321 255 310 94 200 95 207 208 306 0 

result from 2 opt algo 3105
result of rbg403.atsp
0 267 61 2 386 322 46 6 29 52 39 73 115 14 225 168 214 40 18 119 216 22 28 11 101 10 55 59 76 310 23 62 247 13 288 36 305 60 227 243 256 249 54 309 319 344 354 346 48 47 274 328 358 270 19 57 400 263 71 122 341 198 224 266 297 337 377 398 53 24 120 15 287 44 66 37 144 401 393 189 338 352 114 94 32 112 83 17 5 56 394 69 1 30 96 353 33 165 187 8 38 391 31 68 42 148 156 98 192 277 245 43 197 34 9 84 100 138 50 260 35 12 396 147 58 399 191 376 269 355 64 116 284 348 204 339 359 369 4 21 334 340 45 75 27 3 107 154 271 257 223 65 67 282 210 77 258 321 279 292 290 371 325 41 25 365 278 78 275 205 291 329 26 145 143 392 228 79 72 81 200 82 351 272 356 390 363 343 85 303 70 349 86 7 89 20 118 261 87 80 49 74 88 90 323 91 383 389 342 92 229 93 199 203 384 215 95 173 97 117 295 99 259 368 16 281 102 378 294 121 293 51 146 306 273 212 103 300 296 347 104 298 63 105 330 289 185 255 315 250 362 276 379 299 380 226 280 382 327 324 381 326 320 317 219 350 113 357 370 395 0 

result from 2 opt algo 2682
result of xql662.tsp
0 18 19 20 21 3 22 23 34 24 45 40 37 35 38 46 52 54 82 88 90 104 99 100 124 123 122 121 120 119 129 117 115 114 113 112 142 141 147 155 160 148 143 149 144 262 261 296 271 272 273 274 275 297 298 299 276 277 278 280 279 300 309 319 328 318 317 327 308 316 315 325 326 338 339 340 329 347 348 349 354 350 351 352 331 306 302 303 304 305 290 265 251 250 249 248 247 263 289 288 287 286 285 284 291 283 282 281 255 256 257 239 229 217 211 212 222 230 253 241 224 231 223 214 215 182 183 159 166 158 165 164 154 153 151 163 156 150 176 175 174 173 201 210 209 200 199 198 197 196 195 194 193 192 207 206 191 190 189 205 220 227 235 221 228 236 243 237 245 260 259 334 345 330 404 403 428 414 415 416 417 429 448 447 446 445 462 463 469 470 475 523 537 554 553 562 573 574 575 584 576 577 585 610 611 617 643 642 641 635 640 634 609 608 607 623 630 631 632 649 639 648 638 637 636 629 628 520 521 522 493 494 495 504 496 497 505 498 499 480 476 477 483 484 486 487 500 478 458 468 467 465 464 457 456 455 454 453 452 451 459 450 449 433 400 383 368 369 370 371 372 373 384 385 391 386 388 389 390 374 356 332 312 321 311 310 320 344 343 342 341 355 367 366 382 381 380 364 365 363 362 361 360 378 379 392 397 396 405 406 398 407 399 408 409 410 418 430 431 432 413 419 420 421 423 393 401 394 402 395 411 425 424 434 501 507 506 543 542 541 540 539 535 534 533 532 531 530 529 536 528 526 524 525 527 578 579 556 544 545 548 546 549 547 557 566 565 564 563 589 588 616 615 625 621 633 646 645 644 624 620 619 614 613 612 661 660 659 658 657 656 655 647 622 627 618 602 593 594 603 604 605 595 596 597 606 598 583 572 561 582 571 560 552 551 512 511 513 514 515 516 517 518 519 503 490 482 472 491 492 473 474 461 460 444 443 442 441 440 439 438 437 436 435 466 471 485 488 481 489 502 510 509 508 538 555 600 587 586 601 599 626 650 653 652 654 651 592 591 590 559 569 570 581 580 568 558 567 550 479 427 426 422 412 387 357 358 375 376 377 359 353 346 337 324 307 314 313 322 323 336 335 333 264 301 292 266 293 267 268 294 295 269 270 258 232 254 244 252 246 240 238 202 157 152 92 86 97 94 95 96 89 85 84 87 83 50 32 6 7 41 47 55 48 42 4 25 26 27 28 29 5 30 31 44 51 67 66 65 64 70 63 62 61 72 73 101 98 102 103 118 116 136 135 134 111 110 109 108 107 133 132 131 106 146 145 177 184 208 213 203 225 218 233 242 234 226 219 216 204 188 187 186 185 167 168 178 179 161 162 169 170 180 171 172 181 125 126 137 138 127 128 139 140 130 105 93 91 80 79 78 77 71 81 76 75 74 69 60 59 68 58 53 57 56 49 43 36 13 14 33 15 2 17 16 1 12 11 10 9 8 0 

result from 2 opt algo 3060
result of xql662.tsp
0 18 19 20 21 3 22 23 34 24 45 40 37 35 38 46 52 54 82 88 90 104 99 100 124 123 122 121 120 119 129 117 115 114 113 112 142 141 147 155 160 148 143 149 144 262 261 296 271 272 273 274 275 297 298 299 276 277 278 280 279 300 309 319 328 318 317 327 308 316 315 325 326 338 339 340 329 347 348 349 354 350 351 352 331 306 302 303 304 305 290 265 251 250 249 248 247 263 289 288 287 286 285 284 291 283 282 281 255 256 257 239 229 217 211 212 222 230 253 241 224 231 223 214 215 182 183 159 166 158 165 164 154 153 151 163 156 150 176 175 174 173 201 210 209 200 199 198 197 196 195 194 193 192 207 206 191 190 189 205 220 227 235 221 228 236 243 237 245 260 259 334 345 330 404 403 428 414 415 416 417 429 448 447 446 445 462 463 469 470 475 523 537 554 553 562 573 574 575 584 576 577 585 610 611 617 643 642 641 635 640 634 609 608 607 623 630 631 632 649 639 648 638 637 636 629 628 520 521 522 493 494 495 504 496 497 505 498 499 480 476 477 483 484 486 487 500 478 458 468 467 465 464 457 456 455 454 453 452 451 459 450 449 433 400 383 368 369 370 371 372 373 384 385 391 386 388 389 390 374 356 332 312 321 311 310 320 344 343 342 341 355 367 366 382 381 380 364 365 363 362 361 360 378 379 392 397 396 405 406 398 407 399 408 409 410 418 430 431 432 413 419 420 421 423 393 401 394 402 395 411 425 424 434 501 507 506 543 542 541 540 539 535 534 533 532 531 530 529 536 528 526 524 525 527 578 579 556 544 545 548 546 549 547 557 566 565 564 563 589 588 616 615 625 621 633 646 645 644 624 620 619 614 613 612 661 660 659 658 657 656 655 647 622 627 618 602 593 594 603 604 605 595 596 597 606 598 583 572 561 582 571 560 552 551 512 511 513 514 515 516 517 518 519 503 490 482 472 491 492 473 474 461 460 444 443 442 441 440 439 438 437 436 435 466 471 485 488 481 489 502 510 509 508 538 555 600 587 586 601 599 626 650 653 652 654 651 592 591 590 559 569 570 581 580 568 558 567 550 479 427 426 422 412 387 357 358 375 376 377 359 353 346 337 324 307 314 313 322 323 336 335 333 264 301 292 266 293 267 268 294 295 269 270 258 232 254 244 252 246 240 238 202 157 152 92 86 97 94 95 96 89 85 84 87 83 50 32 6 7 41 47 55 48 42 4 25 26 27 28 29 5 30 31 44 51 67 66 65 64 70 63 62 61 72 73 101 98 102 103 118 116 136 135 134 111 110 109 108 107 133 132 131 106 146 145 177 184 208 213 203 225 218 233 242 234 226 219 216 204 188 187 186 185 167 168 178 179 161 162 169 170 180 171 172 181 125 126 137 138 127 128 139 140 130 105 93 91 80 79 78 77 71 81 76 75 74 69 60 59 68 58 53 57 56 49 43 36 13 14 33 15 2 17 16 1 12 11 10 9 8 0 

result from 2 opt algo 3060
result of ftv323.atsp
30 302 32 45 151 17 56 274 256 20 103 132 143 146 150 101 224 131 18 107 53 105 251 51 185 128 15 22 24 67 202 172 14 142 52 9 21 75 28 173 201 218 265 3 144 280 102 133 5 48 297 314 181 180 109 12 210 223 26 57 318 194 63 157 245 234 236 1 61 11 43 62 92 147 281 27 178 289 121 55 161 195 209 270 211 319 273 261 29 237 247 126 152 90 19 219 275 23 33 54 118 258 286 269 127 225 104 64 312 309 283 242 34 135 50 266 232 252 241 31 138 148 145 35 170 188 37 227 320 246 81 171 162 4 79 271 38 154 153 263 267 285 262 300 6 98 282 13 140 158 276 40 0 260 259 316 287 41 93 313 10 295 311 58 129 77 97 298 42 2 197 100 71 192 296 183 308 212 46 278 299 254 16 305 174 182 159 233 44 25 205 189 214 230 229 168 238 47 203 293 264 248 277 59 307 220 60 160 137 317 108 193 134 284 68 165 66 70 196 69 250 72 73 76 164 166 8 7 206 36 213 39 221 49 249 106 78 176 216 294 74 239 80 179 82 187 199 149 215 155 139 272 204 167 190 257 83 222 240 65 290 322 253 84 301 279 243 288 85 291 226 231 136 156 208 186 163 217 303 244 141 198 86 304 321 169 88 306 89 292 268 228 207 200 191 91 310 87 130 315 235 255 177 184 175 94 125 124 123 122 120 119 117 116 115 114 113 112 111 110 99 96 95 30 

result from 2 opt algo 3488
result of br17.atsp
0 11 13 2 1 9 10 12 15 14 6 5 3 4 7 8 16 0 



result from 2 opt algo 39
result of br17.atsp
result of br17.atsp
0 11 13 2 1 9 10 12 15 14 6 5 3 4 7 8 16 0 

result from 2 opt algo 39
result of br17.atsp
0 11 13 2 1 9 10 12 15 14 6 5 3 4 7 8 16 0 

result from 2 opt algo 39
result of br17.atsp
0 11 13 2 1 9 10 12 15 14 6 5 3 4 7 8 16 0 

result from 2 opt algo 39
result of ftv323.atsp
0 89 190 140 86 191 136 301 291 240 32 84 198 141 14 182 174 228 81 207 237 209 287 26 92 276 318 57 286 75 322 5 205 187 83 137 235 290 217 139 231 31 241 216 255 162 163 252 321 268 254 292 70 129 294 41 215 249 74 213 247 4 304 236 142 76 206 65 154 2 42 17 106 108 52 302 188 46 243 33 319 118 80 316 317 277 130 87 158 234 7 44 221 167 313 128 299 296 149 100 40 11 21 29 305 135 192 34 258 251 225 284 181 314 315 68 127 272 306 229 211 270 1 152 35 161 64 56 151 275 210 300 197 39 3 320 13 54 94 195 104 109 262 285 263 153 8 178 15 266 59 168 279 155 47 103 298 27 97 105 37 239 180 256 51 18 203 19 90 102 278 69 145 226 147 24 171 246 233 60 214 248 73 297 220 264 184 63 121 96 196 176 78 138 267 222 101 150 133 61 88 177 293 82 283 166 202 95 257 67 148 48 289 132 281 274 143 179 93 126 244 157 194 200 308 201 23 146 250 280 144 307 309 30 9 53 131 224 227 204 218 273 55 193 282 6 50 72 212 66 160 172 159 49 170 36 183 58 175 232 295 10 230 45 245 71 38 79 208 156 186 219 77 98 238 199 25 62 271 20 43 242 253 260 185 311 28 223 288 269 303 91 16 22 169 189 134 164 165 310 312 265 261 173 85 12 259 107 0 

result from 2 opt algo 5316
result of ftv170.atsp
0 87 164 150 76 39 36 20 6 90 75 123 51 119 57 29 44 32 100 147 63 33 104 109 140 161 91 126 64 117 80 127 65 118 56 113 165 8 89 94 99 46 26 98 48 25 157 79 2 160 152 3 5 16 7 92 17 9 93 53 116 145 128 62 28 18 158 166 143 135 68 35 19 97 122 58 105 52 121 153 67 71 72 41 21 10 23 11 95 134 69 78 38 12 13 14 96 47 110 60 50 24 112 120 144 88 167 151 84 130 61 30 106 148 141 73 74 155 70 124 49 107 138 4 159 81 40 27 43 154 83 42 103 137 163 82 31 102 132 129 66 168 156 146 108 55 34 101 125 111 59 115 139 54 114 77 169 85 45 142 162 149 15 136 131 133 1 86 37 22 0 

result from 2 opt algo 26303
result of xql662.tsp
0 18 19 20 21 3 22 23 34 24 45 40 37 35 38 46 52 54 82 88 90 104 99 100 124 123 122 121 120 119 129 117 115 114 113 112 142 141 147 155 160 148 143 149 144 262 261 296 271 272 273 274 275 297 298 299 276 277 278 280 279 300 309 319 328 318 317 327 308 316 315 325 326 338 339 340 329 347 348 349 354 350 351 352 331 306 302 303 304 305 290 265 251 250 249 248 247 263 289 288 287 286 285 284 291 283 282 281 255 256 257 239 229 217 211 212 222 230 253 241 224 231 223 214 215 182 183 159 166 158 165 164 154 153 151 163 156 150 176 175 174 173 201 210 209 200 199 198 197 196 195 194 193 192 207 206 191 190 189 205 220 227 235 221 228 236 243 237 245 260 259 334 345 330 404 403 428 414 415 416 417 429 448 447 446 445 462 463 469 470 475 523 537 554 553 562 573 574 575 584 576 577 585 610 611 617 643 642 641 635 640 634 609 608 607 623 630 631 632 649 639 648 638 637 636 629 628 520 521 522 493 494 495 504 496 497 505 498 499 480 476 477 483 484 486 487 500 478 458 468 467 465 464 457 456 455 454 453 452 451 459 450 449 433 400 383 368 369 370 371 372 373 384 385 391 386 388 389 390 374 356 332 312 321 311 310 320 344 343 342 341 355 367 366 382 381 380 364 365 363 362 361 360 378 379 392 397 396 405 406 398 407 399 408 409 410 418 430 431 432 413 419 420 421 423 393 401 394 402 395 411 425 424 434 501 507 506 543 542 541 540 539 535 534 533 532 531 530 529 536 528 526 524 525 527 578 579 556 544 545 548 546 549 547 557 566 565 564 563 589 588 616 615 625 621 633 646 645 644 624 620 619 614 613 612 661 660 659 658 657 656 655 647 622 627 618 602 593 594 603 604 605 595 596 597 606 598 583 572 561 582 571 560 552 551 512 511 513 514 515 516 517 518 519 503 490 482 472 491 492 473 474 461 460 444 443 442 441 440 439 438 437 436 435 466 471 485 488 481 489 502 510 509 508 538 555 600 587 586 601 599 626 650 653 652 654 651 592 591 590 559 569 570 581 580 568 558 567 550 479 427 426 422 412 387 357 358 375 376 377 359 353 346 337 324 307 314 313 322 323 336 335 333 264 301 292 266 293 267 268 294 295 269 270 258 232 254 244 252 246 240 238 202 157 152 92 86 97 94 95 96 89 85 84 87 83 50 32 6 7 41 47 55 48 42 4 25 26 27 28 29 5 30 31 44 51 67 66 65 64 70 63 62 61 72 73 101 98 102 103 118 116 136 135 134 111 110 109 108 107 133 132 131 106 146 145 177 184 208 213 203 225 218 233 242 234 226 219 216 204 188 187 186 185 167 168 178 179 161 162 169 170 180 171 172 181 125 126 137 138 127 128 139 140 130 105 93 91 80 79 78 77 71 81 76 75 74 69 60 59 68 58 53 57 56 49 43 36 13 14 33 15 2 17 16 1 12 11 10 9 8 0 

result from 2 opt algo 3060
result of br17.atsp
0 11 13 2 1 9 10 12 15 14 6 5 3 4 7 8 16 0 

result from 2 opt algo 39
result of br17.atsp
0 11 13 2 1 9 10 12 15 14 6 5 3 4 7 8 16 0 

result from 2 opt algo 39
result of xql662.tsp
0 18 19 20 21 3 22 23 34 24 45 40 37 35 38 46 52 54 82 88 90 104 99 100 124 123 122 121 120 119 129 117 115 114 113 112 142 141 147 155 160 148 143 149 144 262 261 296 271 272 273 274 275 297 298 299 276 277 278 280 279 300 309 319 328 318 317 327 308 316 315 325 326 338 339 340 329 347 348 349 354 350 351 352 331 306 302 303 304 305 290 265 251 250 249 248 247 263 289 288 287 286 285 284 291 283 282 281 255 256 257 239 229 217 211 212 222 230 253 241 224 231 223 214 215 182 183 159 166 158 165 164 154 153 151 163 156 150 176 175 174 173 201 210 209 200 199 198 197 196 195 194 193 192 207 206 191 190 189 205 220 227 235 221 228 236 243 237 245 260 259 334 345 330 404 403 428 414 415 416 417 429 448 447 446 445 462 463 469 470 475 523 537 554 553 562 573 574 575 584 576 577 585 610 611 617 643 642 641 635 640 634 609 608 607 623 630 631 632 649 639 648 638 637 636 629 628 520 521 522 493 494 495 504 496 497 505 498 499 480 476 477 483 484 486 487 500 478 458 468 467 465 464 457 456 455 454 453 452 451 459 450 449 433 400 383 368 369 370 371 372 373 384 385 391 386 388 389 390 374 356 332 312 321 311 310 320 344 343 342 341 355 367 366 382 381 380 364 365 363 362 361 360 378 379 392 397 396 405 406 398 407 399 408 409 410 418 430 431 432 413 419 420 421 423 393 401 394 402 395 411 425 424 434 501 507 506 543 542 541 540 539 535 534 533 532 531 530 529 536 528 526 524 525 527 578 579 556 544 545 548 546 549 547 557 566 565 564 563 589 588 616 615 625 621 633 646 645 644 624 620 619 614 613 612 661 660 659 658 657 656 655 647 622 627 618 602 593 594 603 604 605 595 596 597 606 598 583 572 561 582 571 560 552 551 512 511 513 514 515 516 517 518 519 503 490 482 472 491 492 473 474 461 460 444 443 442 441 440 439 438 437 436 435 466 471 485 488 481 489 502 510 509 508 538 555 600 587 586 601 599 626 650 653 652 654 651 592 591 590 559 569 570 581 580 568 558 567 550 479 427 426 422 412 387 357 358 375 376 377 359 353 346 337 324 307 314 313 322 323 336 335 333 264 301 292 266 293 267 268 294 295 269 270 258 232 254 244 252 246 240 238 202 157 152 92 86 97 94 95 96 89 85 84 87 83 50 32 6 7 41 47 55 48 42 4 25 26 27 28 29 5 30 31 44 51 67 66 65 64 70 63 62 61 72 73 101 98 102 103 118 116 136 135 134 111 110 109 108 107 133 132 131 106 146 145 177 184 208 213 203 225 218 233 242 234 226 219 216 204 188 187 186 185 167 168 178 179 161 162 169 170 180 171 172 181 125 126 137 138 127 128 139 140 130 105 93 91 80 79 78 77 71 81 76 75 74 69 60 59 68 58 53 57 56 49 43 36 13 14 33 15 2 17 16 1 12 11 10 9 8 0 

result from 2 opt algo 3060
result of br17.atsp
0 11 13 2 1 9 10 12 15 5 6 14 3 4 7 8 16 0 

result from 2 opt algo 39
result of ftv323.atsp
30 112 45 245 121 120 20 24 123 103 151 111 143 144 86 28 256 122 173 273 110 201 23 26 218 133 150 188 125 17 57 318 298 286 181 314 238 124 223 313 299 294 41 55 157 63 194 321 272 99 161 210 101 61 94 195 75 322 95 319 9 117 261 104 119 258 251 225 284 80 11 21 29 265 220 115 62 271 15 185 59 219 270 113 132 106 108 109 216 180 85 309 253 304 31 32 84 170 247 193 83 146 179 114 242 310 162 246 6 88 127 279 91 145 178 0 96 79 81 130 317 72 138 142 87 283 226 147 64 56 250 280 281 14 5 297 315 207 232 128 296 244 204 228 293 69 92 148 221 252 190 241 217 301 234 222 268 229 116 312 320 243 175 189 73 43 287 214 248 177 237 209 233 76 316 82 48 67 213 149 306 274 275 276 206 65 215 52 291 240 140 77 292 254 288 269 135 198 182 167 264 184 166 141 290 255 257 159 60 277 235 134 70 303 289 183 266 46 311 3 158 302 196 165 164 176 205 155 199 236 71 263 8 89 97 105 53 54 98 1 34 16 22 27 239 74 200 208 156 308 191 186 174 50 66 187 18 37 168 172 68 305 51 13 249 300 38 137 202 49 44 169 136 139 231 163 4 160 78 212 171 36 307 10 129 19 126 35 93 47 278 118 192 152 7 153 154 25 197 100 285 2 40 230 90 262 267 39 42 58 295 224 227 211 259 131 102 12 260 203 107 282 33 30 

result from 2 opt algo 5990
result of xql662.tsp
result of xql662.tsp
result of xql662.tsp
result of br17.atsp
10 13 2 1 9 12 11 0 15 14 6 5 3 4 7 8 16 10 

result from 2 opt algo 43
result of br17.atsp
10 13 2 1 9 12 11 0 15 14 6 5 3 4 7 8 16 10 

result from 2 opt algo 43
result of ftv323.atsp
30 112 306 70 125 177 81 141 147 64 56 188 86 190 140 113 257 269 209 233 76 11 21 29 261 271 15 230 314 238 131 61 88 79 229 83 319 85 127 184 114 45 65 31 241 84 168 272 308 115 305 311 128 296 44 92 104 119 212 246 1 35 97 105 80 161 181 59 183 278 69 191 208 156 186 162 163 130 139 32 216 180 243 135 41 158 217 301 142 290 255 78 146 144 185 73 48 67 110 312 310 293 211 71 197 38 264 279 60 55 136 167 116 206 245 194 281 14 235 99 214 248 239 302 256 109 234 252 171 2 40 242 253 207 193 42 196 174 268 237 19 37 205 187 224 101 102 299 0 250 280 151 275 148 283 226 120 16 22 27 103 57 111 218 106 225 284 221 36 108 52 291 240 231 222 47 288 289 199 236 25 98 124 265 220 203 317 228 232 3 173 273 315 91 17 179 9 117 292 189 318 298 297 170 155 309 313 294 49 107 53 77 295 10 266 72 166 5 277 304 152 126 244 267 263 285 8 150 133 227 90 192 34 200 274 23 26 201 213 149 282 94 219 270 24 123 198 182 165 68 62 287 43 276 286 210 82 320 322 176 74 138 202 95 143 28 20 75 129 195 169 254 50 66 121 96 303 164 160 172 159 87 175 157 63 4 204 33 258 251 54 6 58 137 262 39 215 249 7 13 300 154 153 100 247 118 259 321 122 134 223 46 307 51 89 132 145 178 316 12 93 260 18 30 

result from 2 opt algo 5687
result of xql662.tsp
0 18 19 20 21 3 22 23 34 24 45 40 37 35 38 46 52 54 82 88 90 104 99 100 124 123 122 121 120 119 129 117 115 114 113 112 142 141 147 155 160 148 143 149 144 262 261 296 271 272 273 274 275 297 298 299 276 277 278 280 279 300 309 319 328 318 317 327 308 316 315 325 326 338 339 340 329 347 348 349 354 350 351 352 331 306 302 303 304 305 290 265 251 250 249 248 247 263 289 288 287 286 285 284 291 283 282 281 255 256 257 239 229 217 211 212 222 230 253 241 224 231 223 214 215 182 183 159 166 158 165 164 154 153 151 163 156 150 176 175 174 173 201 210 209 200 199 198 197 196 195 194 193 192 207 206 191 190 189 205 220 227 235 221 228 236 243 237 245 260 259 334 345 330 404 403 428 414 415 416 417 429 448 447 446 445 462 463 469 470 475 523 537 554 553 562 573 574 575 584 576 577 585 610 611 617 643 642 641 635 640 634 609 608 607 623 630 631 632 649 639 648 638 637 636 629 628 520 521 522 493 494 495 504 496 497 505 498 499 480 476 477 483 484 486 487 500 478 458 468 467 465 464 457 456 455 454 453 452 451 459 450 449 433 400 383 368 369 370 371 372 373 384 385 391 386 388 389 390 374 356 332 312 321 311 310 320 344 343 342 341 355 367 366 382 381 380 364 365 363 362 361 360 378 379 392 397 396 405 406 398 407 399 408 409 410 418 430 431 432 413 419 420 421 423 393 401 394 402 395 411 425 424 434 501 507 506 543 542 541 540 539 535 534 533 532 531 530 529 536 528 526 524 525 527 578 579 556 544 545 548 546 549 547 557 566 565 564 563 589 588 616 615 625 621 633 646 645 644 624 620 619 614 613 612 661 660 659 658 657 656 655 647 622 627 618 602 593 594 603 604 605 595 596 597 606 598 583 572 561 582 571 560 552 551 512 511 513 514 515 516 517 518 519 503 490 482 472 491 492 473 474 461 460 444 443 442 441 440 439 438 437 436 435 466 471 485 488 481 489 502 510 509 508 538 555 600 587 586 601 599 626 650 653 652 654 651 592 591 590 559 569 570 581 580 568 558 567 550 479 427 426 422 412 387 357 358 375 376 377 359 353 346 337 324 307 314 313 322 323 336 335 333 264 301 292 266 293 267 268 294 295 269 270 258 232 254 244 252 246 240 238 202 157 152 92 86 97 94 95 96 89 85 84 87 83 50 32 6 7 41 47 55 48 42 4 25 26 27 28 29 5 30 31 44 51 67 66 65 64 70 63 62 61 72 73 101 98 102 103 118 116 136 135 134 111 110 109 108 107 133 132 131 106 146 145 177 184 208 213 203 225 218 233 242 234 226 219 216 204 188 187 186 185 167 168 178 179 161 162 169 170 180 171 172 181 125 126 137 138 127 128 139 140 130 105 93 91 80 79 78 77 71 81 76 75 74 69 60 59 68 58 53 57 56 49 43 36 13 14 33 15 2 17 16 1 12 11 10 9 8 0 

result from 2 opt algo 3060
result of rbg403.atsp
0 261 276 379 363 317 61 2 386 107 322 357 328 370 287 42 68 365 64 116 120 392 28 272 371 350 267 1 395 113 32 73 215 49 51 92 144 382 78 36 62 88 54 37 305 310 86 390 148 4 229 351 256 82 309 355 306 291 298 299 102 83 84 43 343 292 398 72 90 6 8 58 94 115 119 52 401 122 399 344 323 346 216 53 225 23 377 303 369 165 353 79 293 273 66 192 214 223 71 200 354 349 383 384 9 34 203 93 290 284 75 143 118 70 97 315 321 356 191 245 69 114 96 14 74 300 226 270 38 98 60 89 27 95 259 7 10 80 85 212 324 105 281 274 47 112 16 279 280 219 3 117 339 67 147 326 5 103 204 380 48 394 50 198 228 44 100 227 294 329 348 330 319 173 41 389 99 295 197 199 104 258 391 396 31 77 154 275 381 146 327 358 121 271 224 63 320 56 87 46 282 378 340 33 362 65 393 347 59 11 145 296 76 45 269 368 168 352 40 277 263 400 341 189 29 338 39 57 19 24 289 205 13 243 255 35 260 185 210 26 17 12 250 257 91 187 359 337 278 25 20 101 55 15 30 376 297 342 334 18 138 21 22 81 325 156 288 247 249 266 0 

result from 2 opt algo 4604
result of ftv170.atsp
0 87 164 150 76 39 36 20 6 90 75 123 51 119 57 29 44 32 100 147 63 33 104 109 140 161 91 126 64 117 80 127 65 118 56 113 165 8 89 94 99 46 26 98 48 25 157 79 2 160 152 3 5 16 7 92 17 9 93 53 116 145 128 62 28 18 158 166 143 135 68 35 19 97 122 58 105 52 121 153 67 71 72 41 21 10 23 11 95 134 69 78 38 12 13 14 96 47 110 60 50 24 112 120 144 88 167 151 84 130 61 30 106 148 141 73 74 155 70 124 49 107 138 4 159 81 40 27 43 154 83 42 103 137 163 82 31 102 132 129 66 168 156 146 108 55 34 101 125 111 59 115 139 54 114 77 169 85 45 142 162 149 15 136 131 133 1 86 37 22 0 

result from 2 opt algo 26303
result of br17.atsp
10 16 8 3 4 14 15 6 5 9 12 7 11 0 13 2 1 10 

result from 2 opt algo 49
result of xql662.tsp
0 18 19 20 21 3 22 23 34 24 45 40 37 35 38 46 52 54 82 88 90 104 99 100 124 123 122 121 120 119 129 117 115 114 113 112 142 141 147 155 160 148 143 149 144 262 261 296 271 272 273 274 275 297 298 299 276 277 278 280 279 300 309 319 328 318 317 327 308 316 315 325 326 338 339 340 329 347 348 349 354 350 351 352 331 306 302 303 304 305 290 265 251 250 249 248 247 263 289 288 287 286 285 284 291 283 282 281 255 256 257 239 229 217 211 212 222 230 253 241 224 231 223 214 215 182 183 159 166 158 165 164 154 153 151 163 156 150 176 175 174 173 201 210 209 200 199 198 197 196 195 194 193 192 207 206 191 190 189 205 220 227 235 221 228 236 243 237 245 260 259 334 345 330 404 403 428 414 415 416 417 429 448 447 446 445 462 463 469 470 475 523 537 554 553 562 573 574 575 584 576 577 585 610 611 617 643 642 641 635 640 634 609 608 607 623 630 631 632 649 639 648 638 637 636 629 628 520 521 522 493 494 495 504 496 497 505 498 499 480 476 477 483 484 486 487 500 478 458 468 467 465 464 457 456 455 454 453 452 451 459 450 449 433 400 383 368 369 370 371 372 373 384 385 391 386 388 389 390 374 356 332 312 321 311 310 320 344 343 342 341 355 367 366 382 381 380 364 365 363 362 361 360 378 379 392 397 396 405 406 398 407 399 408 409 410 418 430 431 432 413 419 420 421 423 393 401 394 402 395 411 425 424 434 501 507 506 543 542 541 540 539 535 534 533 532 531 530 529 536 528 526 524 525 527 578 579 556 544 545 548 546 549 547 557 566 565 564 563 589 588 616 615 625 621 633 646 645 644 624 620 619 614 613 612 661 660 659 658 657 656 655 647 622 627 618 602 593 594 603 604 605 595 596 597 606 598 583 572 561 582 571 560 552 551 512 511 513 514 515 516 517 518 519 503 490 482 472 491 492 473 474 461 460 444 443 442 441 440 439 438 437 436 435 466 471 485 488 481 489 502 510 509 508 538 555 600 587 586 601 599 626 650 653 652 654 651 592 591 590 559 569 570 581 580 568 558 567 550 479 427 426 422 412 387 357 358 375 376 377 359 353 346 337 324 307 314 313 322 323 336 335 333 264 301 292 266 293 267 268 294 295 269 270 258 232 254 244 252 246 240 238 202 157 152 92 86 97 94 95 96 89 85 84 87 83 50 32 6 7 41 47 55 48 42 4 25 26 27 28 29 5 30 31 44 51 67 66 65 64 70 63 62 61 72 73 101 98 102 103 118 116 136 135 134 111 110 109 108 107 133 132 131 106 146 145 177 184 208 213 203 225 218 233 242 234 226 219 216 204 188 187 186 185 167 168 178 179 161 162 169 170 180 171 172 181 125 126 137 138 127 128 139 140 130 105 93 91 80 79 78 77 71 81 76 75 74 69 60 59 68 58 53 57 56 49 43 36 13 14 33 15 2 17 16 1 12 11 10 9 8 0 

result from 2 opt algo 3060
result of ftv323.atsp
30 302 32 45 151 17 56 274 256 20 103 132 143 146 150 101 224 131 18 107 53 105 251 51 185 128 15 22 24 67 202 172 14 142 52 9 21 75 28 173 201 218 265 3 144 280 102 133 5 48 297 314 181 180 109 12 210 223 26 57 318 194 63 157 245 234 236 1 61 11 43 62 92 147 281 27 178 289 121 55 161 195 209 270 211 319 273 261 29 237 247 126 152 90 19 219 275 23 33 54 118 258 286 269 127 225 104 64 312 309 283 242 34 135 50 266 232 252 241 31 138 148 145 35 170 188 37 227 320 246 81 171 162 4 79 271 38 154 153 263 267 285 262 300 6 98 282 13 140 158 276 40 0 260 259 316 287 41 93 313 10 295 311 58 129 77 97 298 42 2 197 100 71 192 296 183 308 212 46 278 299 254 16 305 174 182 159 233 44 25 205 189 214 230 229 168 238 47 203 293 264 248 277 59 307 220 60 160 137 317 108 193 134 284 68 165 66 70 196 69 250 72 73 76 164 166 8 7 206 36 213 39 221 49 249 106 78 176 216 294 74 239 80 179 82 187 199 149 215 155 139 272 204 167 190 257 83 222 240 65 290 322 253 84 301 279 243 288 85 291 226 231 136 156 208 186 163 217 303 244 141 198 86 304 321 169 88 306 89 292 268 228 207 200 191 91 310 87 130 315 235 255 177 184 175 94 125 124 123 122 120 119 117 116 115 114 113 112 111 110 99 96 95 30 

result from 2 opt algo 3488
result of ftv170.atsp
0 1 3 7 15 31 64 120 69 136 103 35 20 41 26 49 99 23 45 89 71 131 91 9 19 39 77 78 160 5 138 105 48 97 25 13 30 58 117 63 127 81 161 140 109 104 50 101 32 53 96 21 43 98 92 75 86 169 70 157 141 147 121 72 150 129 88 2 79 159 24 40 85 168 67 133 95 16 4 11 29 51 110 46 93 76 151 158 18 37 112 73 122 74 149 125 83 167 87 82 162 143 124 115 57 119 68 135 128 59 108 42 27 55 111 114 107 33 65 153 123 54 113 106 34 80 152 166 94 14 165 118 66 130 90 10 84 155 137 100 52 102 28 44 116 61 126 56 144 134 132 139 145 154 148 156 142 163 146 164 62 47 60 22 38 17 36 6 8 12 0 

result from 2 opt algo 5372
result of ftv323.atsp
30 112 306 70 125 177 81 141 147 64 56 188 86 190 140 113 257 269 209 233 76 11 21 29 261 271 15 230 314 238 131 61 88 79 229 83 319 85 127 184 114 45 65 31 241 84 168 272 308 115 305 311 128 296 44 92 104 119 212 246 1 35 97 105 80 161 181 59 183 278 69 191 208 156 186 162 163 130 139 32 216 180 243 135 41 158 217 301 142 290 255 78 146 144 185 73 48 67 110 312 310 293 211 71 197 38 264 279 60 55 136 167 116 206 245 194 281 14 235 99 214 248 239 302 256 109 234 252 171 2 40 242 253 207 193 42 196 174 268 237 19 37 205 187 224 101 102 299 0 250 280 151 275 148 283 226 120 16 22 27 103 57 111 218 106 225 284 221 36 108 52 291 240 231 222 47 288 289 199 236 25 98 124 265 220 203 317 228 232 3 173 273 315 91 17 179 9 117 292 189 318 298 297 170 155 309 313 294 49 107 53 77 295 10 266 72 166 5 277 304 152 126 244 267 263 285 8 150 133 227 90 192 34 200 274 23 26 201 213 149 282 94 219 270 24 123 198 182 165 68 62 287 43 276 286 210 82 320 322 176 74 138 202 95 143 28 20 75 129 195 169 254 50 66 121 96 303 164 160 172 159 87 175 157 63 4 204 33 258 251 54 6 58 137 262 39 215 249 7 13 300 154 153 100 247 118 259 321 122 134 223 46 307 51 89 132 145 178 316 12 93 260 18 30 

result from 2 opt algo 5687
result of br17.atsp
10 13 2 1 9 12 11 0 15 14 6 5 3 4 7 8 16 10 

result from 2 opt algo 43
result of br17.atsp
0 11 13 2 1 9 10 12 15 14 6 5 3 4 7 8 16 0 

result from 2 opt algo 39
result of xql662.tsp
result of 16.tsp
result of 16.tsp
result of xql662.tsp
result of br17.atsp
0 11 13 2 1 9 10 12 15 14 6 5 3 4 7 8 16 0 

result from 2 opt algo 39
result of 16.tsp
0 4 10 8 9 6 5 14 13 12 11 15 7 3 2 0 

result from 2 opt algo 53
result of xql662.tsp
0 18 19 20 21 3 22 23 34 24 45 40 37 35 38 46 52 54 82 88 90 104 99 100 124 123 122 121 120 119 129 117 115 114 113 112 142 141 147 155 160 148 143 149 144 262 261 296 271 272 273 274 275 297 298 299 276 277 278 280 279 300 309 319 328 318 317 327 308 316 315 325 326 338 339 340 329 347 348 349 354 350 351 352 331 306 302 303 304 305 290 265 251 250 249 248 247 263 289 288 287 286 285 284 291 283 282 281 255 256 257 239 229 217 211 212 222 230 253 241 224 231 223 214 215 182 183 159 166 158 165 164 154 153 151 163 156 150 176 175 174 173 201 210 209 200 199 198 197 196 195 194 193 192 207 206 191 190 189 205 220 227 235 221 228 236 243 237 245 260 259 334 345 330 404 403 428 414 415 416 417 429 448 447 446 445 462 463 469 470 475 523 537 554 553 562 573 574 575 584 576 577 585 610 611 617 643 642 641 635 640 634 609 608 607 623 630 631 632 649 639 648 638 637 636 629 628 520 521 522 493 494 495 504 496 497 505 498 499 480 476 477 483 484 486 487 500 478 458 468 467 465 464 457 456 455 454 453 452 451 459 450 449 433 400 383 368 369 370 371 372 373 384 385 391 386 388 389 390 374 356 332 312 321 311 310 320 344 343 342 341 355 367 366 382 381 380 364 365 363 362 361 360 378 379 392 397 396 405 406 398 407 399 408 409 410 418 430 431 432 413 419 420 421 423 393 401 394 402 395 411 425 424 434 501 507 506 543 542 541 540 539 535 534 533 532 531 530 529 536 528 526 524 525 527 578 579 556 544 545 548 546 549 547 557 566 565 564 563 589 588 616 615 625 621 633 646 645 644 624 620 619 614 613 612 661 660 659 658 657 656 655 647 622 627 618 602 593 594 603 604 605 595 596 597 606 598 583 572 561 582 571 560 552 551 512 511 513 514 515 516 517 518 519 503 490 482 472 491 492 473 474 461 460 444 443 442 441 440 439 438 437 436 435 466 471 485 488 481 489 502 510 509 508 538 555 600 587 586 601 599 626 650 653 652 654 651 592 591 590 559 569 570 581 580 568 558 567 550 479 427 426 422 412 387 357 358 375 376 377 359 353 346 337 324 307 314 313 322 323 336 335 333 264 301 292 266 293 267 268 294 295 269 270 258 232 254 244 252 246 240 238 202 157 152 92 86 97 94 95 96 89 85 84 87 83 50 32 6 7 41 47 55 48 42 4 25 26 27 28 29 5 30 31 44 51 67 66 65 64 70 63 62 61 72 73 101 98 102 103 118 116 136 135 134 111 110 109 108 107 133 132 131 106 146 145 177 184 208 213 203 225 218 233 242 234 226 219 216 204 188 187 186 185 167 168 178 179 161 162 169 170 180 171 172 181 125 126 137 138 127 128 139 140 130 105 93 91 80 79 78 77 71 81 76 75 74 69 60 59 68 58 53 57 56 49 43 36 13 14 33 15 2 17 16 1 12 11 10 9 8 0 

result from 2 opt algo 3060
result of xql662.tsp
0 18 19 20 21 3 22 23 34 24 45 40 37 35 38 46 52 54 82 88 90 104 99 100 124 123 122 121 120 119 129 117 115 114 113 112 142 141 147 155 160 148 143 149 144 262 261 296 271 272 273 274 275 297 298 299 276 277 278 280 279 300 309 319 328 318 317 327 308 316 315 325 326 338 339 340 329 347 348 349 354 350 351 352 331 306 302 303 304 305 290 265 251 250 249 248 247 263 289 288 287 286 285 284 291 283 282 281 255 256 257 239 229 217 211 212 222 230 253 241 224 231 223 214 215 182 183 159 166 158 165 164 154 153 151 163 156 150 176 175 174 173 201 210 209 200 199 198 197 196 195 194 193 192 207 206 191 190 189 205 220 227 235 221 228 236 243 237 245 260 259 334 345 330 404 403 428 414 415 416 417 429 448 447 446 445 462 463 469 470 475 523 537 554 553 562 573 574 575 584 576 577 585 610 611 617 643 642 641 635 640 634 609 608 607 623 630 631 632 649 639 648 638 637 636 629 628 520 521 522 493 494 495 504 496 497 505 498 499 480 476 477 483 484 486 487 500 478 458 468 467 465 464 457 456 455 454 453 452 451 459 450 449 433 400 383 368 369 370 371 372 373 384 385 391 386 388 389 390 374 356 332 312 321 311 310 320 344 343 342 341 355 367 366 382 381 380 364 365 363 362 361 360 378 379 392 397 396 405 406 398 407 399 408 409 410 418 430 431 432 413 419 420 421 423 393 401 394 402 395 411 425 424 434 501 507 506 543 542 541 540 539 535 534 533 532 531 530 529 536 528 526 524 525 527 578 579 556 544 545 548 546 549 547 557 566 565 564 563 589 588 616 615 625 621 633 646 645 644 624 620 619 614 613 612 661 660 659 658 657 656 655 647 622 627 618 602 593 594 603 604 605 595 596 597 606 598 583 572 561 582 571 560 552 551 512 511 513 514 515 516 517 518 519 503 490 482 472 491 492 473 474 461 460 444 443 442 441 440 439 438 437 436 435 466 471 485 488 481 489 502 510 509 508 538 555 600 587 586 601 599 626 650 653 652 654 651 592 591 590 559 569 570 581 580 568 558 567 550 479 427 426 422 412 387 357 358 375 376 377 359 353 346 337 324 307 314 313 322 323 336 335 333 264 301 292 266 293 267 268 294 295 269 270 258 232 254 244 252 246 240 238 202 157 152 92 86 97 94 95 96 89 85 84 87 83 50 32 6 7 41 47 55 48 42 4 25 26 27 28 29 5 30 31 44 51 67 66 65 64 70 63 62 61 72 73 101 98 102 103 118 116 136 135 134 111 110 109 108 107 133 132 131 106 146 145 177 184 208 213 203 225 218 233 242 234 226 219 216 204 188 187 186 185 167 168 178 179 161 162 169 170 180 171 172 181 125 126 137 138 127 128 139 140 130 105 93 91 80 79 78 77 71 81 76 75 74 69 60 59 68 58 53 57 56 49 43 36 13 14 33 15 2 17 16 1 12 11 10 9 8 0 

result from 2 opt algo 3060
result of xql662.tsp
result of br17.atsp
10 13 2 1 9 12 11 0 15 14 6 5 3 4 7 8 16 10 

result from 2 opt algo 43
result of xql662.tsp
0 18 19 20 21 3 22 23 34 24 45 40 37 35 38 46 52 54 82 88 90 104 99 100 124 123 122 121 120 119 129 117 115 114 113 112 142 141 147 155 160 148 143 149 144 262 261 296 271 272 273 274 275 297 298 299 276 277 278 280 279 300 309 319 328 318 317 327 308 316 315 325 326 338 339 340 329 347 348 349 354 350 351 352 331 306 302 303 304 305 290 265 251 250 249 248 247 263 289 288 287 286 285 284 291 283 282 281 255 256 257 239 229 217 211 212 222 230 253 241 224 231 223 214 215 182 183 159 166 158 165 164 154 153 151 163 156 150 176 175 174 173 201 210 209 200 199 198 197 196 195 194 193 192 207 206 191 190 189 205 220 227 235 221 228 236 243 237 245 260 259 334 345 330 404 403 428 414 415 416 417 429 448 447 446 445 462 463 469 470 475 523 537 554 553 562 573 574 575 584 576 577 585 610 611 617 643 642 641 635 640 634 609 608 607 623 630 631 632 649 639 648 638 637 636 629 628 520 521 522 493 494 495 504 496 497 505 498 499 480 476 477 483 484 486 487 500 478 458 468 467 465 464 457 456 455 454 453 452 451 459 450 449 433 400 383 368 369 370 371 372 373 384 385 391 386 388 389 390 374 356 332 312 321 311 310 320 344 343 342 341 355 367 366 382 381 380 364 365 363 362 361 360 378 379 392 397 396 405 406 398 407 399 408 409 410 418 430 431 432 413 419 420 421 423 393 401 394 402 395 411 425 424 434 501 507 506 543 542 541 540 539 535 534 533 532 531 530 529 536 528 526 524 525 527 578 579 556 544 545 548 546 549 547 557 566 565 564 563 589 588 616 615 625 621 633 646 645 644 624 620 619 614 613 612 661 660 659 658 657 656 655 647 622 627 618 602 593 594 603 604 605 595 596 597 606 598 583 572 561 582 571 560 552 551 512 511 513 514 515 516 517 518 519 503 490 482 472 491 492 473 474 461 460 444 443 442 441 440 439 438 437 436 435 466 471 485 488 481 489 502 510 509 508 538 555 600 587 586 601 599 626 650 653 652 654 651 592 591 590 559 569 570 581 580 568 558 567 550 479 427 426 422 412 387 357 358 375 376 377 359 353 346 337 324 307 314 313 322 323 336 335 333 264 301 292 266 293 267 268 294 295 269 270 258 232 254 244 252 246 240 238 202 157 152 92 86 97 94 95 96 89 85 84 87 83 50 32 6 7 41 47 55 48 42 4 25 26 27 28 29 5 30 31 44 51 67 66 65 64 70 63 62 61 72 73 101 98 102 103 118 116 136 135 134 111 110 109 108 107 133 132 131 106 146 145 177 184 208 213 203 225 218 233 242 234 226 219 216 204 188 187 186 185 167 168 178 179 161 162 169 170 180 171 172 181 125 126 137 138 127 128 139 140 130 105 93 91 80 79 78 77 71 81 76 75 74 69 60 59 68 58 53 57 56 49 43 36 13 14 33 15 2 17 16 1 12 11 10 9 8 0 

result from 2 opt algo 3060
result of arr48.tsp
0 1 41 25 3 34 44 9 23 31 38 47 4 28 33 40 15 21 2 39 10 22 13 24 12 20 46 19 11 14 32 45 35 29 42 16 26 18 36 5 27 6 17 43 30 37 8 7 0 

result from 2 opt algo 37229
result of xql662.tsp
0 18 19 20 21 3 22 23 34 24 45 40 37 35 38 46 52 54 82 88 90 104 99 100 124 123 122 121 120 119 129 117 115 114 113 112 142 141 147 155 160 148 143 149 144 262 261 296 271 272 273 274 275 297 298 299 276 277 278 280 279 300 309 319 328 318 317 327 308 316 315 325 326 338 339 340 329 347 348 349 354 350 351 352 331 306 302 303 304 305 290 265 251 250 249 248 247 263 289 288 287 286 285 284 291 283 282 281 255 256 257 239 229 217 211 212 222 230 253 241 224 231 223 214 215 182 183 159 166 158 165 164 154 153 151 163 156 150 176 175 174 173 201 210 209 200 199 198 197 196 195 194 193 192 207 206 191 190 189 205 220 227 235 221 228 236 243 237 245 260 259 334 345 330 404 403 428 414 415 416 417 429 448 447 446 445 462 463 469 470 475 523 537 554 553 562 573 574 575 584 576 577 585 610 611 617 643 642 641 635 640 634 609 608 607 623 630 631 632 649 639 648 638 637 636 629 628 520 521 522 493 494 495 504 496 497 505 498 499 480 476 477 483 484 486 487 500 478 458 468 467 465 464 457 456 455 454 453 452 451 459 450 449 433 400 383 368 369 370 371 372 373 384 385 391 386 388 389 390 374 356 332 312 321 311 310 320 344 343 342 341 355 367 366 382 381 380 364 365 363 362 361 360 378 379 392 397 396 405 406 398 407 399 408 409 410 418 430 431 432 413 419 420 421 423 393 401 394 402 395 411 425 424 434 501 507 506 543 542 541 540 539 535 534 533 532 531 530 529 536 528 526 524 525 527 578 579 556 544 545 548 546 549 547 557 566 565 564 563 589 588 616 615 625 621 633 646 645 644 624 620 619 614 613 612 661 660 659 658 657 656 655 647 622 627 618 602 593 594 603 604 605 595 596 597 606 598 583 572 561 582 571 560 552 551 512 511 513 514 515 516 517 518 519 503 490 482 472 491 492 473 474 461 460 444 443 442 441 440 439 438 437 436 435 466 471 485 488 481 489 502 510 509 508 538 555 600 587 586 601 599 626 650 653 652 654 651 592 591 590 559 569 570 581 580 568 558 567 550 479 427 426 422 412 387 357 358 375 376 377 359 353 346 337 324 307 314 313 322 323 336 335 333 264 301 292 266 293 267 268 294 295 269 270 258 232 254 244 252 246 240 238 202 157 152 92 86 97 94 95 96 89 85 84 87 83 50 32 6 7 41 47 55 48 42 4 25 26 27 28 29 5 30 31 44 51 67 66 65 64 70 63 62 61 72 73 101 98 102 103 118 116 136 135 134 111 110 109 108 107 133 132 131 106 146 145 177 184 208 213 203 225 218 233 242 234 226 219 216 204 188 187 186 185 167 168 178 179 161 162 169 170 180 171 172 181 125 126 137 138 127 128 139 140 130 105 93 91 80 79 78 77 71 81 76 75 74 69 60 59 68 58 53 57 56 49 43 36 13 14 33 15 2 17 16 1 12 11 10 9 8 0 

result from 2 opt algo 3060
result of ftv323.atsp
30 125 32 31 45 83 224 183 89 51 50 148 147 315 302 301 217 196 87 212 35 253 180 158 85 21 227 284 91 322 75 209 270 219 117 259 118 107 18 319 78 198 114 281 238 314 271 266 15 178 260 53 170 99 226 77 320 115 6 61 101 131 106 265 69 58 102 19 179 150 210 309 120 277 94 269 48 44 7 135 312 80 144 56 23 143 116 295 313 223 38 300 311 185 128 129 296 105 104 161 112 293 55 33 54 46 111 103 82 282 1 98 299 174 190 88 145 113 200 47 93 28 3 283 119 149 213 275 218 297 73 57 146 60 233 261 59 305 124 11 26 287 92 27 242 110 273 173 201 17 132 151 318 298 280 250 62 72 10 20 86 133 195 43 41 294 278 276 286 230 258 37 316 29 215 42 2 205 188 64 181 220 307 97 76 137 34 126 90 211 199 122 16 5 166 84 138 68 303 95 257 96 288 40 206 123 24 225 251 13 9 221 22 214 67 168 289 127 317 239 256 140 240 79 12 187 152 192 71 267 153 263 262 249 108 243 246 292 248 264 25 285 100 203 155 236 109 306 167 197 0 232 134 194 175 191 274 268 308 228 254 169 177 189 207 66 229 156 4 63 157 245 165 121 247 310 237 81 321 193 162 163 171 208 252 154 244 70 136 255 216 241 139 279 202 14 141 172 160 159 182 234 290 235 176 304 231 52 65 164 142 186 130 272 184 291 222 36 49 204 39 8 74 30 

result from 2 opt algo 2506
result of br17.atsp
10 13 2 1 9 12 11 0 15 14 6 5 3 4 7 8 16 10 

result from 2 opt algo 43
result of br17.atsp
0 11 13 2 1 9 10 12 15 14 6 5 3 4 7 8 16 0 

result from 2 opt algo 39
result of br17.atsp
10 13 2 1 9 12 11 0 15 14 6 5 3 4 7 8 16 10 

result from 2 opt algo 43
result of ftv323.atsp
30 125 32 31 45 83 224 183 89 51 50 148 147 315 302 301 217 196 87 212 35 253 180 158 85 21 227 284 91 322 75 209 270 219 117 259 118 107 18 319 78 198 114 281 238 314 271 266 15 178 260 53 170 99 226 77 320 115 6 61 101 131 106 265 69 58 102 19 179 150 210 309 120 277 94 269 48 44 7 135 312 80 144 56 23 143 116 295 313 223 38 300 311 185 128 129 296 105 104 161 112 293 55 33 54 46 111 103 82 282 1 98 299 174 190 88 145 113 200 47 93 28 3 283 119 149 213 275 218 297 73 57 146 60 233 261 59 305 124 11 26 287 92 27 242 110 273 173 201 17 132 151 318 298 280 250 62 72 10 20 86 133 195 43 41 294 278 276 286 230 258 37 316 29 215 42 2 205 188 64 181 220 307 97 76 137 34 126 90 211 199 122 16 5 166 84 138 68 303 95 257 96 288 40 206 123 24 225 251 13 9 221 22 214 67 168 289 127 317 239 256 140 240 79 12 187 152 192 71 267 153 263 262 249 108 243 246 292 248 264 25 285 100 203 155 236 109 306 167 197 0 232 134 194 175 191 274 268 308 228 254 169 177 189 207 66 229 156 4 63 157 245 165 121 247 310 237 81 321 193 162 163 171 208 252 154 244 70 136 255 216 241 139 279 202 14 141 172 160 159 182 234 290 235 176 304 231 52 65 164 142 186 130 272 184 291 222 36 49 204 39 8 74 30 

result from 2 opt algo 2506
result of ftv170.atsp
100 27 55 163 138 98 26 66 130 8 168 87 1 3 4 17 49 99 21 37 76 93 16 34 67 159 32 62 149 122 77 126 94 12 25 56 120 70 155 74 107 30 58 135 141 112 68 134 90 10 29 57 113 79 150 139 103 24 39 115 53 125 83 146 118 109 5 123 75 147 121 72 140 153 11 31 64 65 129 104 96 91 156 19 35 86 161 127 102 52 97 42 28 45 89 162 143 136 106 33 84 128 78 152 133 131 124 73 111 47 46 95 23 43 101 44 40 81 82 145 117 48 85 148 137 105 41 38 59 108 36 71 6 13 50 132 51 119 54 116 63 110 69 160 18 15 22 9 80 157 20 7 154 61 60 142 158 169 2 114 92 88 144 167 164 165 0 14 151 166 100 

result from 2 opt algo 10494
result of xql662.tsp
0 18 19 20 21 3 22 23 34 24 45 40 37 35 38 46 52 54 82 88 90 104 99 100 124 123 122 121 120 119 129 117 115 114 113 112 142 141 147 155 160 148 143 149 144 262 261 296 271 272 273 274 275 297 298 299 276 277 278 280 279 300 309 319 328 318 317 327 308 316 315 325 326 338 339 340 329 347 348 349 354 350 351 352 331 306 302 303 304 305 290 265 251 250 249 248 247 263 289 288 287 286 285 284 291 283 282 281 255 256 257 239 229 217 211 212 222 230 253 241 224 231 223 214 215 182 183 159 166 158 165 164 154 153 151 163 156 150 176 175 174 173 201 210 209 200 199 198 197 196 195 194 193 192 207 206 191 190 189 205 220 227 235 221 228 236 243 237 245 260 259 334 345 330 404 403 428 414 415 416 417 429 448 447 446 445 462 463 469 470 475 523 537 554 553 562 573 574 575 584 576 577 585 610 611 617 643 642 641 635 640 634 609 608 607 623 630 631 632 649 639 648 638 637 636 629 628 520 521 522 493 494 495 504 496 497 505 498 499 480 476 477 483 484 486 487 500 478 458 468 467 465 464 457 456 455 454 453 452 451 459 450 449 433 400 383 368 369 370 371 372 373 384 385 391 386 388 389 390 374 356 332 312 321 311 310 320 344 343 342 341 355 367 366 382 381 380 364 365 363 362 361 360 378 379 392 397 396 405 406 398 407 399 408 409 410 418 430 431 432 413 419 420 421 423 393 401 394 402 395 411 425 424 434 501 507 506 543 542 541 540 539 535 534 533 532 531 530 529 536 528 526 524 525 527 578 579 556 544 545 548 546 549 547 557 566 565 564 563 589 588 616 615 625 621 633 646 645 644 624 620 619 614 613 612 661 660 659 658 657 656 655 647 622 627 618 602 593 594 603 604 605 595 596 597 606 598 583 572 561 582 571 560 552 551 512 511 513 514 515 516 517 518 519 503 490 482 472 491 492 473 474 461 460 444 443 442 441 440 439 438 437 436 435 466 471 485 488 481 489 502 510 509 508 538 555 600 587 586 601 599 626 650 653 652 654 651 592 591 590 559 569 570 581 580 568 558 567 550 479 427 426 422 412 387 357 358 375 376 377 359 353 346 337 324 307 314 313 322 323 336 335 333 264 301 292 266 293 267 268 294 295 269 270 258 232 254 244 252 246 240 238 202 157 152 92 86 97 94 95 96 89 85 84 87 83 50 32 6 7 41 47 55 48 42 4 25 26 27 28 29 5 30 31 44 51 67 66 65 64 70 63 62 61 72 73 101 98 102 103 118 116 136 135 134 111 110 109 108 107 133 132 131 106 146 145 177 184 208 213 203 225 218 233 242 234 226 219 216 204 188 187 186 185 167 168 178 179 161 162 169 170 180 171 172 181 125 126 137 138 127 128 139 140 130 105 93 91 80 79 78 77 71 81 76 75 74 69 60 59 68 58 53 57 56 49 43 36 13 14 33 15 2 17 16 1 12 11 10 9 8 0 

result from 2 opt algo 3060
result of br17.atsp
0 11 13 2 9 1 10 12 15 14 5 6 3 4 7 8 16 0 

result from 2 opt algo 39
result of br17.atsp
10 13 2 1 12 9 11 0 15 14 5 6 3 4 7 8 16 10 

result from 2 opt algo 43
result of ftv170.atsp
100 27 55 163 138 98 26 66 130 8 168 87 1 3 4 17 49 99 21 37 76 93 16 34 67 159 32 62 149 122 77 126 94 12 25 56 120 70 155 74 107 30 58 135 141 112 68 134 90 10 29 57 113 79 150 139 103 24 39 115 53 125 83 146 118 109 5 123 75 147 121 72 140 153 11 31 64 65 129 104 96 91 156 19 35 86 161 127 102 52 97 42 28 45 89 162 143 136 106 33 84 128 78 152 133 131 124 73 111 47 46 95 23 43 101 44 40 81 82 145 117 48 85 148 137 105 41 38 59 108 36 71 6 13 50 132 51 119 54 116 63 110 69 160 18 15 22 9 80 157 20 7 154 61 60 142 158 169 2 114 92 88 144 167 164 165 0 14 151 166 100 

result from 2 opt algo 10494
result of ftv323.atsp
100 100 190 83 253 34 243 286 178 314 181 15 283 27 56 185 313 242 85 259 258 94 129 224 57 96 48 86 118 219 309 26 46 82 305 88 54 211 282 101 170 29 206 59 269 191 146 201 312 76 177 275 292 47 105 45 60 166 95 175 302 257 273 103 3 195 33 18 228 5 239 38 149 138 91 281 150 210 23 284 22 55 78 164 208 321 30 20 89 21 293 268 161 69 10 58 102 294 223 44 285 106 17 37 319 132 73 295 98 61 237 226 43 87 172 159 215 261 148 68 137 40 97 35 192 135 11 41 152 13 205 80 53 107 316 62 72 278 311 145 297 299 51 318 276 209 9 264 143 84 236 19 144 280 227 154 233 246 79 274 306 28 151 218 265 271 92 188 64 173 298 183 287 128 75 266 320 50 133 67 288 230 260 179 238 220 6 199 42 300 77 1 131 213 307 225 251 296 12 196 317 303 248 16 221 250 180 158 204 90 104 147 235 198 277 270 93 108 203 254 200 194 134 289 127 308 169 232 256 174 168 249 52 187 126 14 24 74 267 315 189 247 214 36 263 153 262 65 212 140 322 193 157 156 4 63 171 66 49 71 121 310 229 81 207 141 202 241 31 304 32 240 291 301 136 245 234 216 109 7 139 217 290 142 165 160 176 182 163 162 252 2 197 70 255 186 244 231 155 184 272 130 279 222 25 39 167 8 0 

result from 2 opt algo 2988
result of ftv323.atsp
30 125 32 14 274 79 123 100 139 4 1 309 41 203 18 174 153 136 306 38 165 162 255 196 5 126 170 34 237 39 289 63 263 300 61 77 308 302 236 241 248 301 292 73 50 276 278 120 160 31 182 322 54 232 171 212 95 192 135 131 21 227 67 121 156 252 159 217 7 251 250 150 144 10 22 214 33 295 118 284 75 275 201 122 55 261 113 190 99 134 47 97 83 215 96 163 177 112 70 207 141 198 28 82 320 76 172 233 147 193 321 319 110 111 85 68 231 202 109 229 175 115 19 53 93 183 26 286 6 246 279 168 91 176 290 226 225 106 132 72 266 15 178 145 114 65 52 294 195 64 314 84 244 154 249 107 259 105 199 89 211 210 92 29 204 287 209 293 16 94 3 23 146 80 285 262 197 205 69 271 265 88 224 260 102 12 13 9 140 240 213 116 46 119 49 138 37 273 297 40 71 239 17 27 307 283 117 220 143 43 86 311 133 151 318 298 173 124 98 223 44 253 242 59 305 103 35 90 258 161 78 288 60 137 87 166 218 20 62 42 222 45 280 179 56 238 312 188 148 313 11 57 58 128 299 219 181 185 282 104 277 180 158 129 316 230 51 206 221 264 48 254 191 317 296 101 243 281 257 315 269 303 155 108 0 127 169 24 270 187 152 234 310 167 267 66 228 25 2 304 200 36 164 256 142 216 235 208 268 194 157 245 81 247 184 130 186 272 291 189 74 149 8 30 

result from 2 opt algo 3187
result of rbg403.atsp
300 300 310 354 22 62 322 46 23 14 216 11 287 257 95 28 75 48 2 258 78 120 118 356 47 275 154 24 13 228 17 35 204 42 355 115 40 363 329 3 328 327 85 290 32 121 293 86 76 116 65 36 58 396 272 282 370 281 90 376 377 73 79 96 114 352 88 321 289 97 394 398 200 224 64 197 295 77 382 320 38 386 100 210 103 54 87 56 12 8 29 33 165 359 187 6 400 81 67 16 326 288 325 104 34 261 369 21 91 30 245 319 102 227 212 82 147 71 57 344 309 18 266 93 146 270 317 297 39 168 263 94 43 229 1 225 92 347 399 198 99 384 271 358 350 50 348 343 305 284 379 119 214 192 189 338 337 341 353 393 277 68 37 256 112 390 122 69 269 323 52 401 340 339 303 223 53 278 334 4 342 143 101 10 215 72 378 117 173 66 349 371 395 362 259 31 346 25 59 365 41 15 45 74 191 7 55 315 381 144 279 368 27 89 51 49 296 63 138 306 148 156 391 44 60 98 292 219 61 107 357 274 83 267 205 273 294 226 249 330 351 280 5 389 20 299 298 291 243 255 247 84 324 26 145 260 9 203 199 383 70 80 276 392 250 185 380 113 19 0 

result from 2 opt algo 2553
result of xql662.tsp
0 18 19 20 21 3 22 23 34 24 45 40 37 35 38 46 52 54 82 88 90 104 99 100 124 123 122 121 120 119 129 117 115 114 113 112 142 141 147 155 160 148 143 149 144 262 261 296 271 272 273 274 275 297 298 299 276 277 278 280 279 300 309 319 328 318 317 327 308 316 315 325 326 338 339 340 329 347 348 349 354 350 351 352 331 306 302 303 304 305 290 265 251 250 249 248 247 263 289 288 287 286 285 284 291 283 282 281 255 256 257 239 229 217 211 212 222 230 253 241 224 231 223 214 215 182 183 159 166 158 165 164 154 153 151 163 156 150 176 175 174 173 201 210 209 200 199 198 197 196 195 194 193 192 207 206 191 190 189 205 220 227 235 221 228 236 243 237 245 260 259 334 345 330 404 403 428 414 415 416 417 429 448 447 446 445 462 463 469 470 475 523 537 554 553 562 573 574 575 584 576 577 585 610 611 617 643 642 641 635 640 634 609 608 607 623 630 631 632 649 639 648 638 637 636 629 628 520 521 522 493 494 495 504 496 497 505 498 499 480 476 477 483 484 486 487 500 478 458 468 467 465 464 457 456 455 454 453 452 451 459 450 449 433 400 383 368 369 370 371 372 373 384 385 391 386 388 389 390 374 356 332 312 321 311 310 320 344 343 342 341 355 367 366 382 381 380 364 365 363 362 361 360 378 379 392 397 396 405 406 398 407 399 408 409 410 418 430 431 432 413 419 420 421 423 393 401 394 402 395 411 425 424 434 501 507 506 543 542 541 540 539 535 534 533 532 531 530 529 536 528 526 524 525 527 578 579 556 544 545 548 546 549 547 557 566 565 564 563 589 588 616 615 625 621 633 646 645 644 624 620 619 614 613 612 661 660 659 658 657 656 655 647 622 627 618 602 593 594 603 604 605 595 596 597 606 598 583 572 561 582 571 560 552 551 512 511 513 514 515 516 517 518 519 503 490 482 472 491 492 473 474 461 460 444 443 442 441 440 439 438 437 436 435 466 471 485 488 481 489 502 510 509 508 538 555 600 587 586 601 599 626 650 653 652 654 651 592 591 590 559 569 570 581 580 568 558 567 550 479 427 426 422 412 387 357 358 375 376 377 359 353 346 337 324 307 314 313 322 323 336 335 333 264 301 292 266 293 267 268 294 295 269 270 258 232 254 244 252 246 240 238 202 157 152 92 86 97 94 95 96 89 85 84 87 83 50 32 6 7 41 47 55 48 42 4 25 26 27 28 29 5 30 31 44 51 67 66 65 64 70 63 62 61 72 73 101 98 102 103 118 116 136 135 134 111 110 109 108 107 133 132 131 106 146 145 177 184 208 213 203 225 218 233 242 234 226 219 216 204 188 187 186 185 167 168 178 179 161 162 169 170 180 171 172 181 125 126 137 138 127 128 139 140 130 105 93 91 80 79 78 77 71 81 76 75 74 69 60 59 68 58 53 57 56 49 43 36 13 14 33 15 2 17 16 1 12 11 10 9 8 0 

result from 2 opt algo 3060
result of br17.atsp
10 13 2 1 12 9 0 11 15 5 6 14 3 4 7 8 16 10 

result from 2 opt algo 43
result of ftv323.atsp
30 125 66 122 321 123 24 147 226 99 322 120 315 95 96 302 138 113 52 215 114 65 221 112 253 119 106 89 51 82 94 115 98 61 224 131 18 111 148 209 124 6 3 85 73 27 116 10 46 86 118 319 72 50 185 183 69 58 102 271 161 59 313 312 110 297 33 54 107 53 15 178 145 201 37 320 173 143 103 80 11 88 305 17 146 29 21 266 128 311 283 265 132 41 296 299 129 227 298 273 56 62 87 257 5 303 218 26 23 280 250 151 314 278 210 188 318 238 35 213 261 34 1 276 92 195 43 40 205 20 223 38 45 275 286 307 133 150 101 219 44 198 83 97 68 288 242 76 233 287 309 64 75 295 144 220 28 47 294 284 225 243 258 91 48 84 236 9 260 282 199 42 300 268 117 12 169 228 60 191 78 292 200 274 306 230 316 160 137 308 55 22 16 57 67 168 181 179 104 166 232 79 207 134 189 177 289 127 254 175 170 206 269 121 157 256 190 229 63 310 196 194 208 163 212 239 248 277 70 264 293 252 93 174 158 317 259 105 187 152 126 90 19 211 13 77 135 270 192 71 267 153 263 285 154 262 249 7 182 14 281 180 216 304 214 49 100 197 193 171 162 255 290 235 172 141 165 176 159 202 217 301 136 245 2 231 139 81 156 4 247 31 241 234 164 109 108 251 140 240 291 32 186 244 237 272 149 203 0 246 279 130 142 184 155 222 25 36 167 204 39 8 74 30 

result from 2 opt algo 2996
result of xql662.tsp
0 18 45 40 37 35 38 46 52 54 104 90 88 82 91 93 105 130 140 139 128 127 138 137 126 125 181 262 261 260 259 296 269 295 293 334 345 404 655 656 657 658 659 660 661 589 588 557 547 549 543 507 506 501 434 389 390 356 374 332 312 304 305 265 290 214 215 182 183 159 166 154 153 158 165 164 151 156 150 199 229 212 163 176 175 174 173 294 292 264 244 252 246 240 238 157 152 86 47 41 7 32 6 50 8 9 10 11 12 13 2 31 5 29 51 80 100 124 123 121 120 122 245 237 243 236 227 228 221 287 288 286 285 282 281 270 254 403 647 636 623 649 639 632 642 643 616 566 546 548 545 542 541 478 425 411 395 402 394 424 401 393 388 344 321 311 320 310 223 224 241 231 230 222 253 251 250 263 239 198 200 197 196 195 172 171 180 170 169 162 205 235 220 219 226 234 242 336 335 412 627 607 631 630 638 645 646 633 621 625 620 624 619 615 614 565 564 563 644 613 617 612 611 610 635 640 641 634 608 585 505 483 413 386 341 352 289 249 211 201 206 218 225 233 330 422 600 601 653 654 652 650 626 651 590 580 568 558 586 587 599 567 569 581 559 551 552 570 560 628 622 618 591 592 648 637 629 604 605 606 598 532 533 534 535 500 487 486 484 467 479 555 550 538 508 509 510 511 514 502 489 481 488 485 471 466 435 436 437 438 439 440 441 442 443 512 513 515 516 517 518 519 520 582 602 593 594 603 595 596 597 609 584 576 575 573 562 571 561 583 572 553 554 574 529 530 480 464 343 342 303 302 248 217 210 209 194 161 179 178 191 333 426 427 522 521 523 537 527 578 579 556 540 539 477 468 458 423 421 391 385 266 268 267 324 337 503 482 490 472 475 470 469 493 494 525 536 531 577 544 499 498 465 420 331 306 314 323 322 313 307 346 353 359 360 376 377 428 444 491 492 524 526 528 497 476 457 456 419 384 355 351 301 358 357 387 375 473 474 504 496 495 463 447 459 451 452 455 454 453 431 432 448 449 450 460 461 462 445 446 429 417 415 416 414 406 397 405 396 392 408 407 398 409 399 379 380 381 382 365 364 361 378 362 363 430 418 433 410 400 383 370 371 373 372 369 368 367 366 347 348 349 354 350 338 339 340 329 328 327 317 326 325 315 316 308 318 319 309 299 298 297 273 274 272 271 300 276 275 277 278 279 280 283 291 284 256 247 257 255 258 232 185 216 204 187 188 189 193 192 207 190 186 92 97 94 95 96 89 85 84 87 83 48 42 55 49 56 57 73 78 99 103 102 118 119 142 155 168 167 177 202 208 213 203 184 145 131 106 146 132 133 107 108 109 110 148 160 147 141 149 144 143 134 111 112 136 135 113 114 115 129 117 116 101 98 81 76 75 74 70 63 62 61 60 69 72 68 53 58 59 43 36 14 33 16 17 19 20 21 3 28 30 44 79 77 66 67 71 65 64 27 26 25 24 4 34 23 22 15 1 0 

result from 2 opt algo 5409
result of br17.atsp
10 13 2 1 12 9 11 0 15 14 5 6 3 4 7 8 16 10 

result from 2 opt algo 43
result of br17.atsp
10 13 2 1 12 9 11 0 15 14 5 6 3 4 7 8 16 10 

result from 2 opt algo 43
result of ftv323.atsp
30 125 32 14 274 79 123 100 139 4 1 309 41 203 18 174 153 136 306 38 165 162 255 196 5 126 170 34 237 39 289 63 263 300 61 77 308 302 236 241 248 301 292 73 50 276 278 120 160 31 182 322 54 232 171 212 95 192 135 131 21 227 67 121 156 252 159 217 7 251 250 150 144 10 22 214 33 295 118 284 75 275 201 122 55 261 113 190 99 134 47 97 83 215 96 163 177 112 70 207 141 198 28 82 320 76 172 233 147 193 321 319 110 111 85 68 231 202 109 229 175 115 19 53 93 183 26 286 6 246 279 168 91 176 290 226 225 106 132 72 266 15 178 145 114 65 52 294 195 64 314 84 244 154 249 107 259 105 199 89 211 210 92 29 204 287 209 293 16 94 3 23 146 80 285 262 197 205 69 271 265 88 224 260 102 12 13 9 140 240 213 116 46 119 49 138 37 273 297 40 71 239 17 27 307 283 117 220 143 43 86 311 133 151 318 298 173 124 98 223 44 253 242 59 305 103 35 90 258 161 78 288 60 137 87 166 218 20 62 42 222 45 280 179 56 238 312 188 148 313 11 57 58 128 299 219 181 185 282 104 277 180 158 129 316 230 51 206 221 264 48 254 191 317 296 101 243 281 257 315 269 303 155 108 0 127 169 24 270 187 152 234 310 167 267 66 228 25 2 304 200 36 164 256 142 216 235 208 268 194 157 245 81 247 184 130 186 272 291 189 74 149 8 30 

result from 2 opt algo 3187
result of xql662.tsp
0 18 19 20 21 3 22 23 34 24 45 40 37 35 38 46 52 54 82 88 90 104 99 100 124 123 122 121 120 119 129 117 115 114 113 112 142 141 147 155 160 148 143 149 144 262 261 296 271 272 273 274 275 297 298 299 276 277 278 280 279 300 309 319 328 318 317 327 308 316 315 325 326 338 339 340 329 347 348 349 354 350 351 352 331 306 302 303 304 305 290 265 251 250 249 248 247 263 289 288 287 286 285 284 291 283 282 281 255 256 257 239 229 217 211 212 222 230 253 241 224 231 223 214 215 182 183 159 166 158 165 164 154 153 151 163 156 150 176 175 174 173 201 210 209 200 199 198 197 196 195 194 193 192 207 206 191 190 189 205 220 227 235 221 228 236 243 237 245 260 259 334 345 330 404 403 428 414 415 416 417 429 448 447 446 445 462 463 469 470 475 523 537 554 553 562 573 574 575 584 576 577 585 610 611 617 643 642 641 635 640 634 609 608 607 623 630 631 632 649 639 648 638 637 636 629 628 520 521 522 493 494 495 504 496 497 505 498 499 480 476 477 483 484 486 487 500 478 458 468 467 465 464 457 456 455 454 453 452 451 459 450 449 433 400 383 368 369 370 371 372 373 384 385 391 386 388 389 390 374 356 332 312 321 311 310 320 344 343 342 341 355 367 366 382 381 380 364 365 363 362 361 360 378 379 392 397 396 405 406 398 407 399 408 409 410 418 430 431 432 413 419 420 421 423 393 401 394 402 395 411 425 424 434 501 507 506 543 542 541 540 539 535 534 533 532 531 530 529 536 528 526 524 525 527 578 579 556 544 545 548 546 549 547 557 566 565 564 563 589 588 616 615 625 621 633 646 645 644 624 620 619 614 613 612 661 660 659 658 657 656 655 647 622 627 618 602 593 594 603 604 605 595 596 597 606 598 583 572 561 582 571 560 552 551 512 511 513 514 515 516 517 518 519 503 490 482 472 491 492 473 474 461 460 444 443 442 441 440 439 438 437 436 435 466 471 485 488 481 489 502 510 509 508 538 555 600 587 586 601 599 626 650 653 652 654 651 592 591 590 559 569 570 581 580 568 558 567 550 479 427 426 422 412 387 357 358 375 376 377 359 353 346 337 324 307 314 313 322 323 336 335 333 264 301 292 266 293 267 268 294 295 269 270 258 232 254 244 252 246 240 238 202 157 152 92 86 97 94 95 96 89 85 84 87 83 50 32 6 7 41 47 55 48 42 4 25 26 27 28 29 5 30 31 44 51 67 66 65 64 70 63 62 61 72 73 101 98 102 103 118 116 136 135 134 111 110 109 108 107 133 132 131 106 146 145 177 184 208 213 203 225 218 233 242 234 226 219 216 204 188 187 186 185 167 168 178 179 161 162 169 170 180 171 172 181 125 126 137 138 127 128 139 140 130 105 93 91 80 79 78 77 71 81 76 75 74 69 60 59 68 58 53 57 56 49 43 36 13 14 33 15 2 17 16 1 12 11 10 9 8 0 

result from 2 opt algo 3060
result of br17.atsp
10 13 2 0 11 9 12 1 7 8 3 6 5 14 4 15 16 10 

result from 2 opt algo 66
result of br17.atsp
10 13 2 1 12 9 0 11 15 5 6 14 3 4 7 8 16 10 

result from 2 opt algo 43
result of ftv323.atsp
30 125 66 122 321 123 24 147 226 99 322 120 315 95 96 302 138 113 52 215 114 65 221 112 253 119 106 89 51 82 94 115 98 61 224 131 18 111 148 209 124 6 3 85 73 27 116 10 46 86 118 319 72 50 185 183 69 58 102 271 161 59 313 312 110 297 33 54 107 53 15 178 145 201 37 320 173 143 103 80 11 88 305 17 146 29 21 266 128 311 283 265 132 41 296 299 129 227 298 273 56 62 87 257 5 303 218 26 23 280 250 151 314 278 210 188 318 238 35 213 261 34 1 276 92 195 43 40 205 20 223 38 45 275 286 307 133 150 101 219 44 198 83 97 68 288 242 76 233 287 309 64 75 295 144 220 28 47 294 284 225 243 258 91 48 84 236 9 260 282 199 42 300 268 117 12 169 228 60 191 78 292 200 274 306 230 316 160 137 308 55 22 16 57 67 168 181 179 104 166 232 79 207 134 189 177 289 127 254 175 170 206 269 121 157 256 190 229 63 310 196 194 208 163 212 239 248 277 70 264 293 252 93 174 158 317 259 105 187 152 126 90 19 211 13 77 135 270 192 71 267 153 263 285 154 262 249 7 182 14 281 180 216 304 214 49 100 197 193 171 162 255 290 235 172 141 165 176 159 202 217 301 136 245 2 231 139 81 156 4 247 31 241 234 164 109 108 251 140 240 291 32 186 244 237 272 149 203 0 246 279 130 142 184 155 222 25 36 167 204 39 8 74 30 

result from 2 opt algo 2996
result of xql662.tsp
0 18 45 40 37 35 38 46 52 54 104 90 88 82 91 93 105 130 140 139 128 127 138 137 126 125 181 262 261 260 259 296 269 295 293 334 345 404 655 656 657 658 659 660 661 589 588 557 547 549 543 507 506 501 434 389 390 356 374 332 312 304 305 265 290 214 215 182 183 159 166 154 153 158 165 164 151 156 150 199 229 212 163 176 175 174 173 294 292 264 244 252 246 240 238 157 152 86 47 41 7 32 6 50 8 9 10 11 12 13 2 31 5 29 51 80 100 124 123 121 120 122 245 237 243 236 227 228 221 287 288 286 285 282 281 270 254 403 647 636 623 649 639 632 642 643 616 566 546 548 545 542 541 478 425 411 395 402 394 424 401 393 388 344 321 311 320 310 223 224 241 231 230 222 253 251 250 263 239 198 200 197 196 195 172 171 180 170 169 162 205 235 220 219 226 234 242 336 335 412 627 607 631 630 638 645 646 633 621 625 620 624 619 615 614 565 564 563 644 613 617 612 611 610 635 640 641 634 608 585 505 483 413 386 341 352 289 249 211 201 206 218 225 233 330 422 600 601 653 654 652 650 626 651 590 580 568 558 586 587 599 567 569 581 559 551 552 570 560 628 622 618 591 592 648 637 629 604 605 606 598 532 533 534 535 500 487 486 484 467 479 555 550 538 508 509 510 511 514 502 489 481 488 485 471 466 435 436 437 438 439 440 441 442 443 512 513 515 516 517 518 519 520 582 602 593 594 603 595 596 597 609 584 576 575 573 562 571 561 583 572 553 554 574 529 530 480 464 343 342 303 302 248 217 210 209 194 161 179 178 191 333 426 427 522 521 523 537 527 578 579 556 540 539 477 468 458 423 421 391 385 266 268 267 324 337 503 482 490 472 475 470 469 493 494 525 536 531 577 544 499 498 465 420 331 306 314 323 322 313 307 346 353 359 360 376 377 428 444 491 492 524 526 528 497 476 457 456 419 384 355 351 301 358 357 387 375 473 474 504 496 495 463 447 459 451 452 455 454 453 431 432 448 449 450 460 461 462 445 446 429 417 415 416 414 406 397 405 396 392 408 407 398 409 399 379 380 381 382 365 364 361 378 362 363 430 418 433 410 400 383 370 371 373 372 369 368 367 366 347 348 349 354 350 338 339 340 329 328 327 317 326 325 315 316 308 318 319 309 299 298 297 273 274 272 271 300 276 275 277 278 279 280 283 291 284 256 247 257 255 258 232 185 216 204 187 188 189 193 192 207 190 186 92 97 94 95 96 89 85 84 87 83 48 42 55 49 56 57 73 78 99 103 102 118 119 142 155 168 167 177 202 208 213 203 184 145 131 106 146 132 133 107 108 109 110 148 160 147 141 149 144 143 134 111 112 136 135 113 114 115 129 117 116 101 98 81 76 75 74 70 63 62 61 60 69 72 68 53 58 59 43 36 14 33 16 17 19 20 21 3 28 30 44 79 77 66 67 71 65 64 27 26 25 24 4 34 23 22 15 1 0 

result from 2 opt algo 5409
result of ftv170.atsp
100 27 55 163 112 8 12 41 96 19 40 71 137 103 52 95 20 42 76 63 128 93 30 59 126 57 119 50 123 75 113 111 114 107 33 21 39 26 51 44 99 24 37 22 43 28 17 46 97 23 36 64 132 125 90 9 117 65 121 53 102 54 98 168 66 127 84 154 73 147 108 101 47 85 0 10 86 169 34 62 130 105 60 134 148 164 120 58 118 69 166 115 74 151 152 156 141 144 110 160 61 116 31 15 89 7 16 45 122 88 155 48 83 25 56 146 124 67 157 29 68 135 79 159 149 104 32 109 165 140 142 87 153 11 49 35 81 161 13 3 145 91 14 158 143 106 38 77 78 138 80 129 94 6 167 82 136 92 162 139 72 133 131 70 5 18 4 2 1 150 100 

result from 2 opt algo 10648
result of br17.atsp
10 13 2 1 12 9 11 0 15 14 5 6 3 4 7 8 16 10 

result from 2 opt algo 43
result of ftv323.atsp
30 125 32 14 274 79 123 100 139 4 1 309 41 203 18 174 153 136 306 38 165 162 255 196 5 126 170 34 237 39 289 63 263 300 61 77 308 302 236 241 248 301 292 73 50 276 278 120 160 31 182 322 54 232 171 212 95 192 135 131 21 227 67 121 156 252 159 217 7 251 250 150 144 10 22 214 33 295 118 284 75 275 201 122 55 261 113 190 99 134 47 97 83 215 96 163 177 112 70 207 141 198 28 82 320 76 172 233 147 193 321 319 110 111 85 68 231 202 109 229 175 115 19 53 93 183 26 286 6 246 279 168 91 176 290 226 225 106 132 72 266 15 178 145 114 65 52 294 195 64 314 84 244 154 249 107 259 105 199 89 211 210 92 29 204 287 209 293 16 94 3 23 146 80 285 262 197 205 69 271 265 88 224 260 102 12 13 9 140 240 213 116 46 119 49 138 37 273 297 40 71 239 17 27 307 283 117 220 143 43 86 311 133 151 318 298 173 124 98 223 44 253 242 59 305 103 35 90 258 161 78 288 60 137 87 166 218 20 62 42 222 45 280 179 56 238 312 188 148 313 11 57 58 128 299 219 181 185 282 104 277 180 158 129 316 230 51 206 221 264 48 254 191 317 296 101 243 281 257 315 269 303 155 108 0 127 169 24 270 187 152 234 310 167 267 66 228 25 2 304 200 36 164 256 142 216 235 208 268 194 157 245 81 247 184 130 186 272 291 189 74 149 8 30 

result from 2 opt algo 3187
result of br17.atsp
10 13 2 1 12 9 11 0 15 14 5 6 3 4 7 8 16 10 

result from 2 opt algo 43
result of ftv323.atsp
30 125 32 14 274 79 123 100 139 4 1 309 41 203 18 174 153 136 306 38 165 162 255 196 5 126 170 34 237 39 289 63 263 300 61 77 308 302 236 241 248 301 292 73 50 276 278 120 160 31 182 322 54 232 171 212 95 192 135 131 21 227 67 121 156 252 159 217 7 251 250 150 144 10 22 214 33 295 118 284 75 275 201 122 55 261 113 190 99 134 47 97 83 215 96 163 177 112 70 207 141 198 28 82 320 76 172 233 147 193 321 319 110 111 85 68 231 202 109 229 175 115 19 53 93 183 26 286 6 246 279 168 91 176 290 226 225 106 132 72 266 15 178 145 114 65 52 294 195 64 314 84 244 154 249 107 259 105 199 89 211 210 92 29 204 287 209 293 16 94 3 23 146 80 285 262 197 205 69 271 265 88 224 260 102 12 13 9 140 240 213 116 46 119 49 138 37 273 297 40 71 239 17 27 307 283 117 220 143 43 86 311 133 151 318 298 173 124 98 223 44 253 242 59 305 103 35 90 258 161 78 288 60 137 87 166 218 20 62 42 222 45 280 179 56 238 312 188 148 313 11 57 58 128 299 219 181 185 282 104 277 180 158 129 316 230 51 206 221 264 48 254 191 317 296 101 243 281 257 315 269 303 155 108 0 127 169 24 270 187 152 234 310 167 267 66 228 25 2 304 200 36 164 256 142 216 235 208 268 194 157 245 81 247 184 130 186 272 291 189 74 149 8 30 

result from 2 opt algo 3187
result of ftv170.atsp
100 27 55 163 138 98 26 66 130 8 168 87 1 3 4 17 49 99 21 37 76 93 16 34 67 159 32 62 149 122 77 126 94 12 25 56 120 70 155 74 107 30 58 135 141 112 68 134 90 10 29 57 113 79 150 139 103 24 39 115 53 125 83 146 118 109 5 123 75 147 121 72 140 153 11 31 64 65 129 104 96 91 156 19 35 86 161 127 102 52 97 42 28 45 89 162 143 136 106 33 84 128 78 152 133 131 124 73 111 47 46 95 23 43 101 44 40 81 82 145 117 48 85 148 137 105 41 38 59 108 36 71 6 13 50 132 51 119 54 116 63 110 69 160 18 15 22 9 80 157 20 7 154 61 60 142 158 169 2 114 92 88 144 167 164 165 0 14 151 166 100 

result from 2 opt algo 10494
